437416.62504129339 4432848.5878513334
437416.62502140831 4432848.5879015122
437416.62500805967 4432848.5879435707
437416.62496398005 4432848.5886496259
437416.62501517026 4432848.5887405388
437416.6250662941 4432848.5888307812
437416.62511791516 4432848.5889210347
437416.62512664072 4432848.5892505646
437416.62517202483 4432848.5893339179
437416.62521732965 4432848.5894166
437416.62526307662 4432848.5894992035
437416.62530850474 4432848.5895818258
437416.6253532393 4432848.5896638045
437416.62539794494 4432848.58974516
437416.62544313847 4432848.5898264563
437416.6254883451 4432848.5899077551
437416.62553299009 4432848.5899886042
437416.62557747372 4432848.5900688414
437416.62562204339 4432848.5901489686
437416.62566610554 4432848.5902291592
437416.62570945284 4432848.5903090034
437416.62575281248 4432848.5903884983
437416.62579653587 4432848.5904681478
437416.62584003143 4432848.5905480674
437416.62588305358 4432848.590627701
437416.6258744176 4432848.5908523556
437416.62591096031 4432848.5908872224
437416.62594724423 4432848.590922296
437416.62598323426 4432848.590957257
437416.62602803088 4432848.5909424219
437416.62607293989 4432848.5909275245
437416.6261177074 4432848.5909128441
437416.6261621142 4432848.5908981115
437416.62620646664 4432848.5908831125
437416.62625092454 4432848.590867999
437416.62629513745 4432848.5908529237
437416.62633862055 4432848.5908375308
437416.62638132967 4432848.5908214618
437416.62642387679 4432848.5908049718
437416.62646686821 4432848.5907881251
437416.62651019642 4432848.5907705259
437416.62655382481 4432848.5907519534
437416.62659814139 4432848.5907328669
437416.62664303114 4432848.5907137906
437416.62668806268 4432848.5906942626
437416.62674088648 4432848.5906588547
437416.62677964411 4432848.5906542884
437416.62682647159 4432848.5906343283
437416.62687344628 4432848.59061406
437416.62692027329 4432848.5905932486
437416.62691182806 4432848.5907375123
437416.6269520683 4432848.5906863054
437416.62699211674 4432848.5906350091
437416.6269848923 4432848.5905435467
437416.62697751995 4432848.5904523088
437416.62697020348 4432848.5903617954
437416.62696227682 4432848.5902715223
437416.62695670442 4432848.5901869237
437416.62695138296 4432848.5901019583
437416.62694611971 4432848.59001721
437416.62693981186 4432848.5899323961
437416.62693230575 4432848.5898467945
437416.62692466856 4432848.58976057
437416.62691710412 4432848.5896742083
437416.62690856046 4432848.5895875627
437416.62689906667 4432848.5895002037
437416.62688981951 4432848.5894122114
437416.62688087573 4432848.5893238988
437416.62683666352 4432848.589469485
437416.62682762952 4432848.5893825991
437416.62681917497 4432848.5892951777
437416.62681142142 4432848.5892077368
437416.62680320069 4432848.5891199708
437416.62679429742 4432848.5890313033
437416.6267857413 4432848.5889420845
437416.62668736913 4432848.5892278142
437416.62667654932 4432848.589124674
437416.62664997496 4432848.5893786428
437416.62665684463 4432848.5893856753
437416.62666388211 4432848.5893927859
437416.62667012215 4432848.5893995361
437416.62667593057 4432848.5894050226
437416.62668266165 4432848.5894094566
437416.62669017992 4432848.5894138031
437416.62669709366 4432848.5894182744
437416.62670328561 4432848.5894223554
437416.62670991896 4432848.589425995
437416.62671676331 4432848.5894296886
437416.62672265514 4432848.5894334354
437416.62672816886 4432848.5894368682
437416.62673471344 4432848.5894400077
437416.62674201379 4432848.5894432
437416.62674892636 4432848.5894464729
437416.62675530883 4432848.5894494355
437416.62676189328 4432848.5894521512
437416.62676897377 4432848.5894547347
437416.6267759481 4432848.5894568162
437416.62678273435 4432848.5894582039
437416.6267897744 4432848.5894592963
437416.62679681415 4432848.5894603645
437416.62675577326 4432848.5896312362
437416.62676029745 4432848.5896149445
437416.62676519039 4432848.5895978352
437416.62677014153 4432848.5895804083
437416.62677473068 4432848.5895625129
437416.62677919283 4432848.5895439684
437416.626783834 4432848.5895250216
437416.62678825966 4432848.58950599
437416.62679157569 4432848.5894861277
437416.62679440971 4432848.5894659832
437416.62679715536 4432848.5894453917
437416.62679980905 4432848.5894247117
437416.62680184626 4432848.58940402
437416.62680310936 4432848.5893831719
437416.62680389575 4432848.5893624285
437416.62680452596 4432848.5893422272
437416.62680479739 4432848.5893222149
437416.62680445268 4432848.5893017119
437416.62680268846 4432848.5892804433
437416.62680104317 4432848.5892591123
437416.62679611973 4432848.5892158756
437416.62679761194 4432848.5892146667
437416.62679577351 4432848.5891915029
437416.62679432146 4432848.5891683334
437416.62679323915 4432848.589144988
437416.62679827923 4432848.5891660256
437416.62669899006 4432848.5891839359
437416.62666578975 4432848.589034914
437416.6266322055 4432848.5888856687
437416.62659879943 4432848.5887361774
437416.62656542443 4432848.5885859858
437416.62653239741 4432848.5884356005
437416.62647049862 4432848.5885098446
437416.62644487113 4432848.5883659935
437416.62641930184 4432848.5882220892
437416.626394392 4432848.5880786665
437416.62636986992 4432848.5879359338
437416.6263448284 4432848.5877933856
437416.62631937995 4432848.5876507144
437416.62629418 4432848.5875084326
437416.62626860803 4432848.5873668417
437416.62624164863 4432848.5872254716
437416.62621358188 4432848.5870843315
437416.62618537887 4432848.5869440455
437416.62615701789 4432848.5868043406
437416.62612761138 4432848.5866644736
437416.62609732215 4432848.5865244316
437416.62606712652 4432848.5863849446
437416.62603660452 4432848.5862461608
437416.62600470847 4432848.5861073742
437416.62590346957 4432848.5859515918
437416.62586373033 4432848.5857432038
437416.62582357717 4432848.58553543
437416.62578295643 4432848.58563161
437416.62577005674 4432848.5854976084
437416.62575708947 4432848.5853638323
437416.62574358052 4432848.5852304464
437416.62572909123 4432848.5850966359
437416.62571436219 4432848.5849621743
437416.62569991645 4432848.5848278459
437416.62568509026 4432848.5846937187
437416.62566923955 4432848.58455907
437416.62565309985 4432848.5844238531
437416.62563752261 4432848.5842886744
437416.62562197133 4432848.5841537444
437416.62560583377 4432848.5840185313
437416.62558982562 4432848.583882683
437416.62557451805 4432848.5837467751
437416.6255590712 4432848.5836113477
437416.62554298795 4432848.5834758719
437416.62552710483 4432848.583339924
437416.6255119486 4432848.5832039341
437416.62549671152 4432848.5830676211
437416.62548074417 4432848.5829301458
437416.62546493346 4432848.5827916507
437416.62534446822 4432848.582739396
437416.62532229937 4432848.5826264573
437416.62529935082 4432848.5825126711
437416.62527679332 4432848.5823978772
437416.6252546992 4432848.5822826792
437416.62523187487 4432848.5821673758
437416.6252082166 4432848.5820512334
437416.62517948193 4432848.5819309885
437416.6251508072 4432848.5818103878
437416.62512156478 4432848.58168964
437416.62509167037 4432848.5815682756
437416.62506177748 4432848.5814465666
437416.62503160362 4432848.5813250048
437416.625000466 4432848.581203456
437416.62496868981 4432848.5810810626
437416.62493721163 4432848.5809576949
437416.62490602012 4432848.5808340767
437416.62487434642 4432848.5807106951
437416.62484220788 4432848.5805872614
437416.62481010542 4432848.5804634755
437416.62477809028 4432848.58034001
437416.62472901138 4432848.5804308057
437416.6247113389 4432848.5803179573
437416.62469396007 4432848.5802046573
437416.62467701943 4432848.5800913293
437416.62455840938 4432848.5801657131
437416.62452816183 4432848.5801045094
437416.62449824432 4432848.5800427813
437416.62444621423 4432848.5799271194
437416.62439415837 4432848.579811492
437416.62434204645 4432848.5796953831
437416.6242898436 4432848.5795785077
437416.62423740065 4432848.579461745
437416.62418479106 4432848.5793455616
437416.62413172703 4432848.5792295588
437416.62407806027 4432848.5791131081
437416.62402439927 4432848.5789963063
437416.62397090462 4432848.5788796777
437416.62391703337 4432848.5787629141
437416.62386263348 4432848.5786454836
437416.62380807212 4432848.5785282133
437416.62375321076 4432848.5784119433
437416.62369765487 4432848.5782964835
437416.62364134251 4432848.5781814158
437416.62358456617 4432848.5780672086
437416.62352738529 4432848.57795396
437416.62346933805 4432848.5778409457
437416.62341022328 4432848.5777274631
437416.62335075636 4432848.5776139153
437416.62324124062 4432848.5776465423
437416.62320089119 4432848.5775569687
437416.62315908377 4432848.5774672143
437416.62311631534 4432848.5773775326
437416.6230730376 4432848.5772882178
437416.6230288932 4432848.577198837
437416.62298397318 4432848.5771085825
437416.62293905905 4432848.5770177245
437416.62294945994 4432848.5774763115
437416.62294499134 4432848.5775227956
437416.62293999689 4432848.5775681613
437416.6229356901 4432848.5776129467
437416.62293066666 4432848.577657437
437416.6229258377 4432848.5777015453
437416.622920795 4432848.57774501
437416.62291713228 4432848.5777883986
437416.62291467533 4432848.5778321773
437416.6229120054 4432848.5778759234
437416.62290908233 4432848.5779192448
437416.62290711823 4432848.5779625056
437416.62290632527 4432848.5780059043
437416.62290589244 4432848.578048748
437416.62289611122 4432848.5780845946
437416.62288756669 4432848.578119575
437416.6228801047 4432848.578154468
437416.622872735 4432848.57818898
437416.62288630346 4432848.5782529181
437416.62281759019 4432848.5783782061
437416.6228184615 4432848.578383049
437416.62281940016 4432848.5783865917
437416.6228207128 4432848.5783880912
437416.62282329105 4432848.57838802
437416.62282649369 4432848.5783873312
437416.62282921223 4432848.578385843
437416.62283184944 4432848.5783829186
437416.62280662736 4432848.5785825951
437416.62281964149 4432848.5785845118
437416.62283174152 4432848.5785861462
437416.62284327258 4432848.5785872117
437416.62285510183 4432848.5785883851
437416.62286656164 4432848.5785902971
437416.62287630542 4432848.5785928564
437416.62288445717 4432848.5785958376
437416.62289218488 4432848.5785995182
437416.62289952493 4432848.5786043592
437416.62290558894 4432848.5786102936
437416.62291048106 4432848.5786168026
437416.62291489588 4432848.5786241246
437416.62291869766 4432848.5786326546
437416.62292169739 4432848.5786418524
437416.62292589119 4432848.57866714
437416.622930313 4432848.5786927054
437416.62288104324 4432848.5787555873
437416.62288035522 4432848.5787202958
437416.62288012076 4432848.578684452
437416.62288059451 4432848.5786484182
437416.62288133817 4432848.5786124794
437416.62288219837 4432848.5785761867
437416.62285325816 4432848.5784407472
437416.62282503367 4432848.57830496
437416.62279714254 4432848.5781693319
437416.62276937906 4432848.5780336475
437416.62274198455 4432848.5778974351
437416.62271520693 4432848.5777607439
437416.62268885656 4432848.5776240053
437416.62266274705 4432848.5774869835
437416.62263694231 4432848.5773490286
437416.62261133362 4432848.5772103537
437416.62258569751 4432848.57707178
437416.62256001314 4432848.57693315
437416.62253440771 4432848.5767938187
437416.62250899163 4432848.5766537553
437416.62248372153 4432848.576513499
437416.62245825247 4432848.5763730723
437416.62243235728 4432848.5762320384
437416.62240635871 4432848.5760903051
437416.62238069158 4432848.5759482281
437416.62236798223 4432848.5758544579
437416.6223075111 4432848.5760817146
437416.62232674938 4432848.5760320686
437416.62234638177 4432848.5759823034
437416.62236658187 4432848.5759321582
437416.62238717155 4432848.5758810863
437416.62240838021 4432848.5758292535
437416.62243026349 4432848.5757773714
437416.62244524277 4432848.5757227167
437416.62245941977 4432848.5756673822
437416.62247601512 4432848.5756118
437416.6224927291 4432848.5755556012
437416.62250993389 4432848.5754989041
437416.62252679566 4432848.5754414136
437416.62254368217 4432848.575383232
437416.62256146682 4432848.5753249833
437416.62257977022 4432848.5752667338
437416.62259753037 4432848.5752081508
437416.62261502986 4432848.5751492819
437416.62262882991 4432848.57505846
437416.6226500058 4432848.5750326924
437416.62266701297 4432848.5749749308
437416.62265912065 4432848.5751154274
437416.62268203782 4432848.5750628263
437416.62263431679 4432848.5751065975
437416.62264712609 4432848.5750715267
437416.622660163 4432848.575037213
437416.62267376523 4432848.5750043355
437416.62268675305 4432848.574972759
437416.62269858475 4432848.5749415532
437416.622710279 4432848.5749105318
437416.62272254715 4432848.5748798661
437416.6227347845 4432848.5748491595
437416.62274643115 4432848.5748178866
437416.622758153 4432848.5747862617
437416.62277045276 4432848.5747549552
437416.62278082129 4432848.5747232083
437416.62279100216 4432848.5746916113
437416.622801024 4432848.5746599473
437416.62281157839 4432848.5746286223
437416.62282200292 4432848.5745978784
437416.6228316332 4432848.574567426
437416.62284136994 4432848.5745372511
437416.62285178684 4432848.574507691
437416.62285469979 4432848.5744531266
437416.62287178385 4432848.5744494917
437416.62288147188 4432848.5744205127
437416.62289178482 4432848.5743920356
437416.62290227349 4432848.5743640717
437416.62285171833 4432848.574517291
437416.62285357644 4432848.5744869811
437416.62283185957 4432848.5744307507
437416.62280994176 4432848.5743748955
437416.62278128118 4432848.5742955282
437416.62276651571 4432848.5742630949
437416.62274520873 4432848.574207345
437416.62272296392 4432848.5741515793
437416.62269951077 4432848.5740953805
437416.62267530372 4432848.5740391118
437416.62264993857 4432848.5739834839
437416.62262259563 4432848.573928629
437416.62259343173 4432848.5738740666
437416.62256304262 4432848.573819913
437416.62253107195 4432848.57376719
437416.6224970835 4432848.5737164347
437416.62246164714 4432848.5736669954
437416.62242531107 4432848.5736184763
437416.62238814385 4432848.5735715767
437416.62235009961 4432848.5735267736
437416.622311505 4432848.5734836757
437416.6222732304 4432848.5734414738
437416.622235787 4432848.573399513
437416.62219587585 4432848.573356024
437416.62215649593 4432848.5733121876
437416.62207493494 4432848.57341044
437416.62204261834 4432848.573367903
437416.62201127247 4432848.5733246179
437416.62195413728 4432848.5734956926
437416.62193211884 4432848.573476892
437416.62191099522 4432848.5734602585
437416.62189089996 4432848.5734472461
437416.62187182705 4432848.5734381787
437416.62185412948 4432848.57343295
437416.62183801754 4432848.5734312786
437416.62179776328 4432848.5736125233
437416.621791977 4432848.5736150024
437416.62178654468 4432848.5736182844
437416.62178230658 4432848.5736229233
437416.62178008573 4432848.5736292219
437416.62177896156 4432848.5736358454
437416.62177794852 4432848.5736409314
437416.62177740067 4432848.5736439954
437416.62177753309 4432848.573645317
437416.62177761697 4432848.5736446911
437416.62177715212 4432848.5736414921
437416.62177668809 4432848.5736354953
437416.62177649955 4432848.5736268368
437416.6217761173 4432848.5736152213
437416.62177588086 4432848.5736002242
437416.62171657191 4432848.5736610461
437416.62171405635 4432848.573598112
437416.62171101465 4432848.573531908
437416.62170692161 4432848.5734627293
437416.62170278805 4432848.5733917905
437416.6216989347 4432848.5733200833
437416.62169465027 4432848.5732471664
437416.62168992939 4432848.5731726578
437416.62168503576 4432848.5730974618
437416.6216795654 4432848.5730226152
437416.62167317711 4432848.5729478085
437416.62166861165 4432848.5728718685
437416.62166414125 4432848.5727956165
437416.6216600255 4432848.5727192
437416.62165522424 4432848.5726420432
437416.6216499508 4432848.5725634359
437416.62164512678 4432848.5724837817
437416.62164068542 4432848.5724034067
437416.62163574068 4432848.57232201
437416.62163031544 4432848.5722394641
437416.62162540987 4432848.5721562393
437416.62162108783 4432848.5720724305
437416.621616403 4432848.5719875377
437416.62161140662 4432848.5719014555
437416.62160667044 4432848.5718150754
437416.62160583225 4432848.5717533836
437416.62160378153 4432848.5716925925
437416.62156110414 4432848.5718221236
437416.62155123084 4432848.5717506167
437416.62154087116 4432848.571680936
437416.62152920157 4432848.5716127194
437416.62151636841 4432848.5715458225
437416.62150305684 4432848.571480915
437416.62148913555 4432848.57141842
437416.6214738795 4432848.57135806
437416.62145224167 4432848.5713011427
437416.62143058365 4432848.5712462552
437416.62140886026 4432848.5711934464
437416.62138643797 4432848.5711422255
437416.62136360066 4432848.571092275
437416.62134111649 4432848.5710438211
437416.62131857895 4432848.5709967911
437416.6212953935 4432848.5709504262
437416.62127205404 4432848.5709040789
437416.62124907249 4432848.5708579579
437416.6212263609 4432848.5708122049
437416.62120377249 4432848.570766381
437416.62118147564 4432848.57072011
437416.62113585317 4432848.57085208
437416.62112295703 4432848.5708088893
437416.62106198235 4432848.5709607881
437416.62105219282 4432848.5709460862
437416.62103557412 4432848.5711740507
437416.6210514268 4432848.57121672
437416.62106769951 4432848.5712579386
437416.62108475267 4432848.5712974528
437416.62110290851 4432848.5713353818
437416.62112174206 4432848.5713717788
437416.62114086497 4432848.5714061474
437416.62116065132 4432848.5714377891
437416.62118161004 4432848.57146681
437416.6212036928 4432848.5714939507
437416.62122669775 4432848.5715191942
437416.62125052849 4432848.57154191
437416.6212750164 4432848.5715624513
437416.62129993149 4432848.57158163
437416.6213251666 4432848.5715993317
437416.62135075906 4432848.5716148233
437416.62137682457 4432848.5716281934
437416.62140342436 4432848.5716405371
437416.6214301656 4432848.5716526639
437416.62145642552 4432848.5716646044
437416.62148233911 4432848.5716763893
437416.6215082783 4432848.5716889137
437416.62150338257 4432848.5718213571
437416.6215303361 4432848.5718065593
437416.62155700789 4432848.5717928577
437416.62158422312 4432848.5717774145
437416.62161150988 4432848.5717638042
437416.62163842039 4432848.5717514139
437416.62166513293 4432848.571740306
437416.62169210194 4432848.57173106
437416.62171907641 4432848.571723545
437416.62174573762 4432848.5717169959
437416.6217725692 4432848.5717113661
437416.6218002052 4432848.5717069451
437416.62182826316 4432848.5717034135
437416.62185624486 4432848.57170012
437416.62188476545 4432848.57169688
437416.62191435508 4432848.5716940407
437416.62194415112 4432848.5716914814
437416.62197328568 4432848.5716887293
437416.62200244784 4432848.5716859018
437416.62203222571 4432848.5716837775
437416.62206153292 4432848.5716824858
437416.62208937912 4432848.5716814427
437416.62211650709 4432848.5716809686
437416.6221438112 4432848.5716821
437416.62216399686 4432848.5716831647
437416.6221829484 4432848.5716848755
437416.62214809505 4432848.5719728544
437416.62216303684 4432848.5720224688
437416.62215851934 4432848.5720303487
437416.6221525108 4432848.5720382631
437416.62214619608 4432848.5720458953
437416.62214052788 4432848.5720534772
437416.62213442865 4432848.5720609194
437416.62212749495 4432848.5720674591
437416.6221208722 4432848.5720727444
437416.62211486057 4432848.5720773861
437416.6220770941 4432848.5722604878
437416.62207266467 4432848.5722600855
437416.62206878263 4432848.5722578848
437416.622065584 4432848.5722548421
437416.62206218881 4432848.5722514009
437416.6220583879 4432848.5722471895
437416.62205506139 4432848.5722423317
437416.6220524137 4432848.5722376592
437416.62204944174 4432848.572233676
437416.62204596039 4432848.5722300531
437416.62204264232 4432848.5722267386
437416.6220395508 4432848.57222432
437416.62203611271 4432848.5722230487
437416.62203238247 4432848.5722226705
437416.622027776 4432848.5722487289
437416.6219310576 4432848.5726240091
437416.621904458 4432848.5727170743
437416.62183080945 4432848.5730116451
437416.6217975606 4432848.573111007
437416.6217645352 4432848.5732114
437416.62173120771 4432848.5733130667
437416.62169751484 4432848.5734157078
437416.62166414328 4432848.5735194022
437416.62163119664 4432848.5736246174
437416.62159811752 4432848.5737314019
437416.62156473106 4432848.5738388263
437416.62153105973 4432848.5739459237
437416.62149713369 4432848.5740526645
437416.62146277865 4432848.574158458
437416.62142782123 4432848.5742617371
437416.62139248138 4432848.5743618133
437416.62135687436 4432848.5744589744
437416.62132080697 4432848.5745529523
437416.62128420966 4432848.5746429414
437416.62124731729 4432848.5747287339
437416.62121045607 4432848.5748111932
437416.62117367156 4432848.57489111
437416.62113688164 4432848.5749682607
437416.62110000552 4432848.575042584
437416.62106308131 4432848.5751150278
437416.62096535211 4432848.57548381
437416.6209242706 4432848.5755757075
437416.62088325678 4432848.5756681813
437416.62084322784 4432848.57576242
437416.62080465583 4432848.5758590763
437416.62076685549 4432848.5759582343
437416.62072929204 4432848.5760600688
437416.6206923534 4432848.5761650065
437416.62065604317 4432848.5762735093
437416.62061982678 4432848.5763854953
437416.62058210123 4432848.576504007
437416.6205452719 4432848.576626705
437416.62050928036 4432848.57675386
437416.62047323305 4432848.576884523
437416.620436816 4432848.5770180058
437416.62040061376 4432848.5771548906
437416.62036483939 4432848.5772955036
437416.62032902794 4432848.5774389841
437416.62029329792 4432848.5775844483
437416.6202585334 4432848.577731966
437416.62021893717 4432848.5779337995
437416.6201874523 4432848.5780322673
437416.62015025644 4432848.5781842507
437416.62011296023 4432848.5783369569
437416.6200336506 4432848.5786729157
437416.61996869964 4432848.5790180163
437416.61994570761 4432848.5791194979
437416.61992711871 4432848.5792179219
437416.61990773719 4432848.5793149946
437416.61988621764 4432848.5794099821
437416.61986287072 4432848.579502373
437416.61983885628 4432848.5795925222
437416.61981383461 4432848.5796805667
437416.61978668405 4432848.5797655191
437416.61975775147 4432848.5798468012
437416.61972812988 4432848.5799250752
437416.61969744024 4432848.5800009761
437416.61966464465 4432848.5800741948
437416.61963055958 4432848.5801442489
437416.61959662376 4432848.5802115975
437416.61956238607 4432848.5802770946
437416.61952659482 4432848.5803408194
437416.61948985583 4432848.5804025438
437416.61945376237 4432848.5804627864
437416.61941835884 4432848.5805219356
437416.61935806792 4432848.58059268
437416.61934918968 4432848.580638269
437416.6193158594 4432848.5806963844
437416.619283503 4432848.5807549385
437416.61919266154 4432848.5811837949
437416.6191669993 4432848.5812644344
437416.6191438816 4432848.5813467074
437416.61912256776 4432848.5814313544
437416.61910236918 4432848.5815180447
437416.61908417981 4432848.5816064775
437416.61906915455 4432848.5816971762
437416.61905658623 4432848.5817904761
437416.61906020128 4432848.5821555071
437416.61907314113 4432848.5822704034
437416.61908756563 4432848.5823881868
437416.61910267873 4432848.5825091843
437416.619117931 4432848.5826328592
437416.619133703 4432848.5827587405
437416.61915006419 4432848.5828871112
437416.61916632688 4432848.5830180189
437416.61918199994 4432848.5831508646
437416.61919726193 4432848.5832851985
437416.61921216268 4432848.5834215321
437416.61922589684 4432848.5835603792
437416.61923788511 4432848.5837010043
437416.61924827169 4432848.5838421891
437416.61925715365 4432848.5839836048
437416.61926409526 4432848.5841253195
437416.61926862953 4432848.5842665024
437416.61926992179 4432848.5844188863
437416.61919827043 4432848.5847208435
437416.61918353051 4432848.5848311586
437416.61916704295 4432848.5849393476
437416.61914992408 4432848.5850438913
437416.619131525 4432848.5851458628
437416.61911198846 4432848.5852454612
437416.61909124127 4432848.5853422433
437416.61906939757 4432848.5854355535
437416.61904681427 4432848.5855257856
437416.619023716 4432848.5856138477
437416.61899989512 4432848.5856998218
437416.61897577642 4432848.58578338
437416.6189513912 4432848.5858651446
437416.61892764561 4432848.5859460449
437416.61887349183 4432848.5862278976
437416.61885913031 4432848.586294828
437416.61884540127 4432848.5863615861
437416.61883288855 4432848.5864286954
437416.61882144021 4432848.5864964211
437416.61881073238 4432848.5865649786
437416.6188012429 4432848.5866346573
437416.61879331688 4432848.5867059743
437416.61878643191 4432848.5867790291
437416.61878028122 4432848.5868534716
437416.61878034374 4432848.5868755551
437416.61870649742 4432848.5869967211
437416.61869706761 4432848.5869732425
437416.6186884584 4432848.5869511
437416.61868107488 4432848.5869304445
437416.61867527245 4432848.5869114622
437416.61867019691 4432848.5868937634
437416.61866521183 4432848.5868767668
437416.61864374822 4432848.5868494362
437416.61862300016 4432848.586823578
437416.61860196129 4432848.5867985273
437416.61858015 4432848.5867735175
437416.61855859461 4432848.586748478
437416.61853765638 4432848.5867237858
437416.61851625727 4432848.5866990015
437416.61849377432 4432848.5866733612
437416.61847074574 4432848.5866470933
437416.61844748561 4432848.586620911
437416.61842322815 4432848.5865948731
437416.61839745526 4432848.5865685474
437416.61837119184 4432848.5865419619
437416.61834498536 4432848.5865156958
437416.61831771646 4432848.5864898479
437416.618288969 4432848.5864639608
437416.618259647 4432848.5864381585
437416.61822975834 4432848.5864134077
437416.61817716085 4432848.5866175173
437416.61815815535 4432848.5866142586
437416.61812880589 4432848.586768779
437416.61813529575 4432848.5867294418
437416.61814089812 4432848.5866909381
437416.61814540927 4432848.5866527837
437416.61814997531 4432848.5866149589
437416.61815504648 4432848.5865778551
437416.61815965327 4432848.5865412848
437416.61816360633 4432848.5865044147
437416.61816806515 4432848.58646702
437416.61817324546 4432848.58642946
437416.61817842332 4432848.5863915971
437416.61818367249 4432848.5863529062
437416.61818410904 4432848.5863231663
437416.61818534607 4432848.5862928256
437416.61818660126 4432848.58626153
437416.61818776239 4432848.5862288317
437416.61818931217 4432848.586195359
437416.61819121445 4432848.5861619823
437416.61819290818 4432848.5861283224
437416.61819438951 4432848.5860936465
437416.61819624907 4432848.5860579871
437416.61819846393 4432848.5860219812
437416.6182003296 4432848.5859857406
437416.6181674244 4432848.5861333972
437416.61817739846 4432848.5861141086
437416.618150943 4432848.5862726355
437416.61816090631 4432848.58624308
437416.61817017687 4432848.58621376
437416.61817907338 4432848.5861848835
437416.61818720639 4432848.5861573908
437416.61819416028 4432848.5861314358
437416.61819998478 4432848.586106454
437416.618205207 4432848.5860824138
437416.6182102327 4432848.5860598125
437416.6182153906 4432848.586038501
437416.61822080286 4432848.5860177567
437416.61822615442 4432848.5859975535
437416.61823147751 4432848.5859786412
437416.61823697353 4432848.5859609526
437416.6182423163 4432848.5859439038
437416.61824746447 4432848.5859272089
437416.61825274408 4432848.5859111873
437416.61825814896 4432848.5858958708
437416.6182632526 4432848.5858806157
437416.61826813681 4432848.58586535
437416.61827326636 4432848.585850602
437416.61827851989 4432848.5858364245
437416.61828357482 4432848.5858218474
437416.61821940442 4432848.5858706711
437416.6182104653 4432848.5858055791
437416.61818264239 4432848.5857693963
437416.61815404368 4432848.5857331194
437416.61812496831 4432848.5856964132
437416.61809615791 4432848.5856594574
437416.61806770292 4432848.5856224364
437416.61803877383 4432848.5855853111
437416.61800921394 4432848.5855480228
437416.61797998851 4432848.5855107643
437416.61795101548 4432848.5854738327
437416.61792138132 4432848.58543702
437416.61789104913 4432848.585400058
437416.61786100309 4432848.5853630425
437416.61783133232 4432848.5853260048
437416.61780131678 4432848.5852882145
437416.6177712956 4432848.5852492219
437416.617742293 4432848.5852092272
437416.61771399115 4432848.5851683933
437416.61768542876 4432848.5851262473
437416.61765689834 4432848.5850827033
437416.61762922694 4432848.5850385642
437416.6176019322 4432848.5849942919
437416.61757408106 4432848.58494915
437416.61754617927 4432848.58490287
437416.61752153223 4432848.5848767078
437416.61749776325 4432848.5848501539
437416.61741960928 4432848.584921672
437416.61738284759 4432848.5848317659
437416.61734633741 4432848.5847423617
437416.61723140307 4432848.5848376425
437416.61721338838 4432848.584742018
437416.61717272503 4432848.584658335
437416.61713229655 4432848.5845757555
437416.61709191877 4432848.5844945917
437416.61705063673 4432848.5844143322
437416.61700897524 4432848.5843349164
437416.6169678772 4432848.5842567012
437416.61692642875 4432848.5841799527
437416.61688425025 4432848.5841028644
437416.616841596 4432848.5840267818
437416.61679909652 4432848.5839515664
437416.61672941118 4432848.5840352811
437416.61669474957 4432848.5839563012
437416.61665987922 4432848.5838772822
437416.61659922358 4432848.5838207537
437416.61658784474 4432848.5837203739
437416.61655007175 4432848.5836423626
437416.61651196977 4432848.5835639425
437416.61647419556 4432848.5834852541
437416.616422381 4432848.5835520029
437416.61639958591 4432848.5834889961
437416.61637727049 4432848.5834243977
437416.61635592859 4432848.5833586073
437416.61633480416 4432848.5832920773
437416.61631336005 4432848.58322469
437416.61629205523 4432848.5831562839
437416.616271161 4432848.5830871323
437416.61625030625 4432848.5830174992
437416.61622922891 4432848.5829472011
437416.61620803439 4432848.5828761179
437416.61618687259 4432848.5828055777
437416.61616549443 4432848.5827345923
437416.616143847 4432848.5826630779
437416.61612229154 4432848.5825908622
437416.61610090645 4432848.5825185189
437416.61607965338 4432848.5824463833
437416.61605840205 4432848.5823741956
437416.61603743606 4432848.5823016074
437416.61601702642 4432848.582229089
437416.61599673657 4432848.58215741
437416.61597623618 4432848.5820862707
437416.61595571192 4432848.5820151176
437416.615935342 4432848.5819442645
437416.615915247 4432848.5818741079
437416.61585469818 4432848.58177969
437416.61583473021 4432848.5816358915
437416.61582334572 4432848.581545365
437416.61581236031 4432848.5814555986
437416.615801423 4432848.5813663937
437416.61579143291 4432848.5812749164
437416.61578136624 4432848.58118363
437416.61577155569 4432848.5810928643
437416.615761739 4432848.5810024077
437416.61575148668 4432848.5809120312
437416.61574118421 4432848.5808218941
437416.61573138391 4432848.58073211
437416.61572140374 4432848.5806426182
437416.61571053264 4432848.5805532876
437416.61569948646 4432848.5804643072
437416.61568867537 4432848.5803761939
437416.615677305 4432848.5802887
437416.61565846181 4432848.5802058168
437416.61563926953 4432848.5801232373
437416.61561971228 4432848.5800416721
437416.61559934745 4432848.5799603686
437416.61557806423 4432848.579878523
437416.61555660533 4432848.5797966877
437416.6155352947 4432848.5797154559
437416.61548789026 4432848.5796137424
437416.61546465446 4432848.5794882756
437416.61544121249 4432848.5793625619
437416.61526256433 4432848.5793647328
437416.61514419073 4432848.5792388441
437416.615025094 4432848.5791123994
437416.61490642134 4432848.5789852561
437416.61478855397 4432848.5788581064
437416.61464919755 4432848.5788639011
437416.6145542647 4432848.5787392184
437416.6144604017 4432848.5786139676
437416.61436774349 4432848.578488728
437416.61427308671 4432848.578362246
437416.61417907057 4432848.5782352742
437416.61408620991 4432848.5781075871
437416.61399428174 4432848.5779800573
437416.61390163557 4432848.5778528508
437416.61380801228 4432848.5777256051
437416.61371490767 4432848.577598609
437416.61362257117 4432848.5774723645
437416.61352990294 4432848.5773464367
437416.61339357588 4432848.5772148324
437416.61334533669 4432848.5770955794
437416.61325367354 4432848.576971231
437416.61316121009 4432848.5768474927
437416.61306754616 4432848.5767240087
437416.61296404956 4432848.5767721534
437416.6128868027 4432848.5767034581
437416.61280850461 4432848.5766354892
437416.61272930185 4432848.5765673155
437416.612650465 4432848.5764987562
437416.61257154541 4432848.5764304437
437416.61249131704 4432848.576362404
437416.61241013405 4432848.576294167
437416.61232928728 4432848.5762259029
437416.61224867171 4432848.5761580262
437416.61216741189 4432848.5760902166
437416.61208569043 4432848.5760219591
437416.6120042901 4432848.5759536913
437416.61192289385 4432848.5758861788
437416.611841016 4432848.57581923
437416.61175918533 4432848.57575221
437416.61167817476 4432848.5756851435
437416.61159790703 4432848.5756183872
437416.61151799333 4432848.5755516589
437416.61143854103 4432848.5754842889
437416.61135984148 4432848.57541633
437416.61128146749 4432848.5753483688
437416.61120292387 4432848.5752803646
437416.61112457979 4432848.57521181
437416.61104212585 4432848.57519957
437416.610960098 4432848.575187657
437416.61086931662 4432848.5752707357
437416.61087048595 4432848.5752464132
437416.61087228818 4432848.575221967
437416.61087436252 4432848.5751981484
437416.61087650817 4432848.57517482
437416.6108791483 4432848.5751511641
437416.6108672127 4432848.5751257567
437416.61085577466 4432848.5751006659
437416.61084418523 4432848.5750761693
437416.6108318746 4432848.5750518814
437416.61081869295 4432848.57502778
437416.61080502928 4432848.5750041977
437416.61079105886 4432848.5749810571
437416.61077655 4432848.5749579035
437416.61076126352 4432848.57493469
437416.6107455318 4432848.5749117089
437416.61072934134 4432848.5748889055
437416.61071251438 4432848.5748657808
437416.61069510644 4432848.5748422258
437416.61066833715 4432848.5749465823
437416.61067517911 4432848.5749262711
437416.61068137956 4432848.5749055613
437416.61068690871 4432848.5748842582
437416.610692218 4432848.5748631405
437416.61068307783 4432848.5748505862
437416.61067723524 4432848.5749010332
437416.61078601319 4432848.57491929
437416.61090424104 4432848.5748309242
437416.61102254724 4432848.5747428434
437416.61114036478 4432848.5746547272
437416.61125810363 4432848.5745665524
437416.61137676454 4432848.5744788432
437416.61149604851 4432848.5743916715
437416.61161474569 4432848.5743044075
437416.6117329924 4432848.5742170084
437416.61185184325 4432848.57413022
437416.6119711207 4432848.5740441019
437416.61209011858 4432848.57395777
437416.61220910272 4432848.57387109
437416.61232871097 4432848.5737848077
437416.61244858586 4432848.5736987367
437416.61256801512 4432848.5736120744
437416.61268741026 4432848.5735249594
437416.61280768679 4432848.5734383706
437416.61292822077 4432848.5733524757
437416.61304789165 4432848.5732666748
437416.61316733249 4432848.5731806215
437416.613287291 4432848.5730947
437416.61340701097 4432848.5730088018
437416.613503139 4432848.5730688218
437416.61360837414 4432848.5730061643
437416.61371422978 4432848.5729434676
437416.61381974304 4432848.5728808474
437416.61392397148 4432848.5728177205
437416.61402769183 4432848.572754059
437416.61413221515 4432848.5726906322
437416.6142369748 4432848.5726277009
437416.61434095528 4432848.5725647779
437416.61444487039 4432848.5725015691
437416.61454946431 4432848.5724385427
437416.61465397687 4432848.57237592
437416.61475809081 4432848.5723128663
437416.61486289918 4432848.5722489953
437416.61496880394 4432848.5721848886
437416.61507493263 4432848.5721208164
437416.61518066912 4432848.5720563047
437416.61528653797 4432848.5719912564
437416.61539314064 4432848.5719259633
437416.61549982085 4432848.5718603311
437416.61558881705 4432848.5717929667
437416.61567795486 4432848.5717246076
437416.61576751294 4432848.571655619
437416.61585664161 4432848.5715864142
437416.61594524834 4432848.5715163015
437416.616026622 4432848.571627182
437416.61610714847 4432848.5715991277
437416.61610412004 4432848.5716101583
437416.61610053817 4432848.57162095
437416.61609745357 4432848.5716312211
437416.61609512952 4432848.57164133
437416.6160927561 4432848.5716515053
437416.6160900736 4432848.57166132
437416.61608772184 4432848.5716707008
437416.61607447831 4432848.5718058813
437416.61607572826 4432848.5718203271
437416.61607813358 4432848.5718335221
437416.61608062027 4432848.5718468362
437416.61608333868 4432848.5718606245
437416.61608598055 4432848.5718753925
437416.61608864716 4432848.5718905255
437416.61609146453 4432848.5719055124
437416.61609445058 4432848.57192069
437416.61609738716 4432848.5719364481
437416.61609995761 4432848.5719522946
437416.61610224476 4432848.5719674835
437416.61610456672 4432848.5719821481
437416.61610699189 4432848.5719967019
437416.61610929179 4432848.5720107974
437416.61611123825 4432848.5720241526
437416.61611534818 4432848.5720255636
437416.61607821193 4432848.5722883316
437416.6160731882 4432848.5723401513
437416.61606737913 4432848.5723915137
437416.61606133654 4432848.572442974
437416.61605542374 4432848.5724949185
437416.61604916438 4432848.5725469468
437416.61604221241 4432848.572598693
437416.6160352123 4432848.57265066
437416.61616741447 4432848.5728388578
437416.61621116614 4432848.57289269
437416.61625455256 4432848.5729459263
437416.61629846157 4432848.573000676
437416.61634207075 4432848.573055394
437416.61638519744 4432848.5731100366
437416.61642778374 4432848.5731636379
437416.61647082 4432848.5732165324
437416.61651463888 4432848.5732695637
437416.61655840953 4432848.5733225383
437416.61660182074 4432848.573374833
437416.61664565944 4432848.5734268418
437416.61669022456 4432848.5734792883
437416.61673456209 4432848.57353177
437416.61677842651 4432848.5735834809
437416.616822946 4432848.573634604
437416.61682463292 4432848.5738064274
437416.61685413541 4432848.5738401748
437416.61688295024 4432848.5738731818
437416.61691222846 4432848.5739057856
437416.61694248638 4432848.5739384759
437416.61697266926 4432848.5739710163
437416.61700232344 4432848.574003147
437416.61703234521 4432848.5740353689
437416.61706272082 4432848.5740681188
437416.61709031463 4432848.5740988869
437416.61711758521 4432848.5741296839
437416.61714799475 4432848.5741612809
437416.61717870273 4432848.574193269
437416.61720881111 4432848.5742257219
437416.61723790789 4432848.5742584346
437416.61726698675 4432848.5742918747
437416.6172960226 4432848.5743266772
437416.61732409627 4432848.5743624745
437416.61735144665 4432848.57439847
437416.6173792787 4432848.5744349761
437416.61740759562 4432848.5744726276
437416.61743542232 4432848.5745111173
437416.61746291269 4432848.5745498789
437416.61747314839 4432848.5747186057
437416.61749806692 4432848.5747574233
437416.61747121165 4432848.5749559505
437416.61748920381 4432848.5749624167
437416.6175083479 4432848.5749680065
437416.61752841785 4432848.5749729406
437416.61754851817 4432848.5749768168
437416.61756853963 4432848.5749790259
437416.61758921039 4432848.5749796834
437416.617610593 4432848.5749795316
437416.61763212085 4432848.574978834
437416.61761748779 4432848.5749764452
437416.61760336754 4432848.5749730589
437416.61758950021 4432848.5749692805
437416.61757532 4432848.5749649452
437416.6175609919 4432848.5749595147
437416.61754704441 4432848.57495338
437416.61753351358 4432848.5749472389
437416.61751981877 4432848.5749409515
437416.61750590341 4432848.5749339834
437416.61749229371 4432848.5749264387
437416.61747896549 4432848.5749188019
437416.61746552389 4432848.5749111008
437416.61745198385 4432848.574903057
437416.61743850278 4432848.5748950448
437416.61742498784 4432848.5748876687
437416.61741146148 4432848.5748807481
437416.617408803 4432848.5748705557
437416.617406623 4432848.5748604648
437416.61740474019 4432848.5748508861
437416.61736093636 4432848.5748286638
437416.61737784091 4432848.5748967817
437416.6173924813 4432848.5748423571
437416.61740767118 4432848.5747890268
437416.61742329696 4432848.5747367032
437416.61743948294 4432848.574684659
437416.61745649704 4432848.5746327452
437416.6174742516 4432848.5745813856
437416.61749267107 4432848.5745303659
437416.61751143436 4432848.5744791925
437416.617530248 4432848.5744280722
437416.617549217 4432848.5743776243
437416.61756817054 4432848.5743276691
437416.61758662551 4432848.57427728
437416.61760476208 4432848.5742261792
437416.617623357 4432848.5741748521
437416.61764231441 4432848.5741232671
437416.61766061879 4432848.5740706632
437416.61767786933 4432848.5740166232
437416.61769462121 4432848.5739615979
437416.61771340959 4432848.5739074126
437416.61773066514 4432848.5738521256
437416.61774371518 4432848.5738568222
437416.617768653 4432848.57376994
437416.61779195262 4432848.57368287
437416.61781297682 4432848.5735949436
437416.61783203494 4432848.5735060461
437416.61785012321 4432848.5734166736
437416.61786718154 4432848.5733271763
437416.61788228143 4432848.573237366
437416.61789587856 4432848.57314748
437416.61789396458 4432848.57317996
437416.61790416116 4432848.5730962511
437416.61791338795 4432848.5730136661
437416.61792287056 4432848.5729318177
437416.61793386284 4432848.5728511605
437416.61794617085 4432848.5727721136
437416.61795934651 4432848.5726943
437416.61797424784 4432848.5726178056
437416.61799217912 4432848.5725431042
437416.61801286647 4432848.5724698957
437416.61803557846 4432848.5723971287
437416.61806155421 4432848.5723239807
437416.61809188174 4432848.5722505
437416.61812533857 4432848.5721769193
437416.61816093157 4432848.5721025607
437416.61819932371 4432848.5720270192
437416.61819124623 4432848.5720428033
437416.61822175258 4432848.5719549274
437416.61825337965 4432848.5718655614
437416.61829282658 4432848.5718142325
437416.61831601552 4432848.5717608929
437416.61833900225 4432848.5717059318
437416.61836049339 4432848.5716483472
437416.61838069255 4432848.5715878075
437416.61839982029 4432848.571525014
437416.61841691658 4432848.5714606745
437416.61843130522 4432848.5713949306
437416.61844339588 4432848.5713279713
437416.61845311522 4432848.5712606413
437416.61845963821 4432848.5711931819
437416.61846253 4432848.57112551
437416.61846230773 4432848.5710579464
437416.61845933174 4432848.5709912963
437416.61845306488 4432848.5709259575
437416.618443345 4432848.5708614821
437416.61843080289 4432848.5707977554
437416.61841573444 4432848.5707354015
437416.61839820025 4432848.5706746457
437416.61837860779 4432848.5706149023
437416.61835787294 4432848.57055587
437416.61833673314 4432848.5704977466
437416.61827845091 4432848.5703728152
437416.61824783933 4432848.5702560889
437416.61821702879 4432848.5701391967
437416.61818617559 4432848.5700226547
437416.61815527151 4432848.5699065244
437416.61805241485 4432848.5699514477
437416.61799640476 4432848.569863325
437416.61794192623 4432848.5697750831
437416.61788919562 4432848.5696871579
437416.61783955066 4432848.569597261
437416.61779163289 4432848.5695072683
437416.61774533294 4432848.5694178911
437416.61770054378 4432848.5693292869
437416.61765753839 4432848.569240883
437416.61761670618 4432848.5691525172
437416.61757815612 4432848.5690647615
437416.61754175858 4432848.5689779613
437416.61750737182 4432848.5688917637
437416.61747493653 4432848.56880583
437416.61744437722 4432848.5687204888
437416.61741549417 4432848.56863572
437416.6173875411 4432848.5685508037
437416.61735964171 4432848.5684650205
437416.61730878393 4432848.5684892861
437416.61728016339 4432848.5684058229
437416.61723696982 4432848.568343062
437416.617218194 4432848.56823067
437416.6171988945 4432848.5681166286
437416.617179025 4432848.5680013848
437416.6171578014 4432848.5678846138
437416.6171348585 4432848.5677659819
437416.61711086077 4432848.5676457928
437416.61708633706 4432848.5675244648
437416.61706071772 4432848.56740163
437416.61703357071 4432848.56727701
437416.61700567603 4432848.567151227
437416.61697766784 4432848.5670248354
437416.61694893992 4432848.5668975087
437416.61691923684 4432848.5667690644
437416.61688954872 4432848.5666400641
437416.61686030868 4432848.5665111812
437416.61683065118 4432848.566382206
437416.61680013617 4432848.5662527047
437416.6167695148 4432848.5661231969
437416.61673895008 4432848.565994245
437416.61670744274 4432848.5658654952
437416.61667492485 4432848.56573633
437416.61664274457 4432848.5656070514
437416.61661151046 4432848.5654785288
437416.6165801668 4432848.5653504105
437416.6165612266 4432848.5651827576
437416.61654722685 4432848.5650385367
437416.6165335754 4432848.5648952359
437416.61651937332 4432848.5647525424
437416.61650447029 4432848.5646098787
437416.61650828336 4432848.56444772
437416.61651211878 4432848.5642866939
437416.61651508143 4432848.5641267095
437416.61651738844 4432848.5639672391
437416.6165203671 4432848.56380841
437416.61652395676 4432848.5636507552
437416.61652702338 4432848.5634939047
437416.61652989936 4432848.5633368306
437416.61653401109 4432848.5631795777
437416.61653955 4432848.563022444
437416.61654540239 4432848.5628651492
437416.61655124539 4432848.5627072444
437416.61655768822 4432848.56254917
437416.61656438734 4432848.5623913705
437416.61657056818 4432848.5622333679
437416.61657678947 4432848.5620744834
437416.616583969 4432848.5619149236
437416.61659152148 4432848.5617553089
437416.61659907317 4432848.5615934972
437416.61660618841 4432848.56143114
437416.61662284849 4432848.5612561451
437416.61664242804 4432848.5610763961
437416.61666181625 4432848.5608963482
437416.61668121605 4432848.5607155925
437416.61670135951 4432848.5605344707
437416.61672201951 4432848.5603535995
437416.616742192 4432848.5601731
437416.61676180863 4432848.5599925788
437416.61678164563 4432848.5598121947
437416.61680173851 4432848.5596320461
437416.61682137288 4432848.5594518334
437416.61684085551 4432848.5592711214
437416.61685325427 4432848.5591925513
437416.61687993514 4432848.5590331918
437416.61690591439 4432848.558873781
437416.6169313158 4432848.55871379
437416.61695638881 4432848.55855293
437416.61698081967 4432848.5583913326
437416.61700417858 4432848.5582289845
437416.6170263997 4432848.5580655457
437416.61704746285 4432848.5579012027
437416.61706715886 4432848.55773638
437416.61708556057 4432848.5575706977
437416.61710292508 4432848.5574037516
437416.61711961089 4432848.55723584
437416.6171383498 4432848.557203047
437416.61715469346 4432848.5571005847
437416.61717018625 4432848.55699785
437416.61718538241 4432848.5568952262
437416.6172007221 4432848.5567934159
437416.61721617659 4432848.556692631
437416.61723145569 4432848.5565926908
437416.61724679981 4432848.5564935273
437416.617262981 4432848.5563955773
437416.61728002323 4432848.5562988594
437416.61729768442 4432848.5562027013
437416.61731637223 4432848.5561070563
437416.61733669904 4432848.5560124824
437416.6164667558 4432848.5565979173
437416.6164211703 4432848.5565470364
437416.61637689418 4432848.5564956777
437416.61633462505 4432848.55644421
437416.6162941067 4432848.5563923623
437416.61625433329 4432848.5563394977
437416.61621549114 4432848.5562853264
437416.61617837771 4432848.5562301883
437416.61614265403 4432848.5561738014
437416.61610744329 4432848.5561153879
437416.6160728219 4432848.5560549935
437416.61603940336 4432848.5559933139
437416.61599825439 4432848.5559692532
437416.61594908382 4432848.5560291577
437416.61591325083 4432848.5560021829
437416.61587760726 4432848.5559744919
437416.61584158376 4432848.555946527
437416.61580414604 4432848.555917643
437416.61576557119 4432848.5558877476
437416.61572676373 4432848.5558578074
437416.61568693991 4432848.55582807
437416.61564475892 4432848.5557981078
437416.61560056818 4432848.5557679161
437416.61555527191 4432848.5557381837
437416.61550401564 4432848.5556943147
437416.61545045819 4432848.5556504223
437416.61539523955 4432848.5556064639
437416.61533931282 4432848.5555629693
437416.61528205755 4432848.555519999
437416.61522277311 4432848.5554770846
437416.61516232375 4432848.55543427
437416.61510168982 4432848.5553922318
437416.61501318257 4432848.555282075
437416.61497895897 4432848.5553092267
437416.61491759977 4432848.55526768
437416.61485777271 4432848.5552266212
437416.61479873874 4432848.5551861841
437416.61473141791 4432848.5551479664
437416.61466463038 4432848.555109675
437416.61460861145 4432848.5551922694
437416.6145638614 4432848.5551779782
437416.6145195319 4432848.5551633555
437416.61444776453 4432848.5552254226
437416.61440518743 4432848.5552077172
437416.61436339561 4432848.5551902084
437416.61432188848 4432848.5551722115
437416.614281364 4432848.5551533429
437416.61424203217 4432848.5551343178
437416.61420269543 4432848.555115493
437416.61416282796 4432848.5550962724
437416.61417086149 4432848.5550480094
437416.6141793328 4432848.5549996644
437416.61418749986 4432848.554951543
437416.61419510766 4432848.5549032493
437416.61420282244 4432848.5548545141
437416.61421070911 4432848.5548055461
437416.61421820614 4432848.5547567261
437416.61422511819 4432848.5547077665
437416.61423176882 4432848.5546584381
437416.61423843465 4432848.5546088433
437416.61424485396 4432848.5545593658
437416.61425075942 4432848.5545096966
437416.6141931712 4432848.5547377625
437416.61417891725 4432848.5547592547
437416.61416940816 4432848.5550183635
437416.614178076 4432848.55515223
437416.61418601964 4432848.5552856755
437416.61419342755 4432848.5554189049
437416.61420054641 4432848.5555520905
437416.61420759658 4432848.5556848515
437416.61421475996 4432848.55581686
437416.61422185029 4432848.5559486886
437416.614228591 4432848.5560810277
437416.61423495063 4432848.5562134925
437416.61424105655 4432848.5563457282
437416.61424710066 4432848.5564783635
437416.61425323365 4432848.5566117708
437416.61425927165 4432848.5567455031
437416.61426515831 4432848.55687931
437416.61427146947 4432848.5570135349
437416.61427864345 4432848.5571484072
437416.61428629665 4432848.5572834844
437416.61429404328 4432848.5574183082
437416.61430217628 4432848.5575533854
437416.61431071319 4432848.5576890139
437416.61431934917 4432848.5578245549
437416.61432814051 4432848.5579594467
437416.61433755665 4432848.5580940284
437416.614332548 4432848.5584401619
437416.6143303226 4432848.558594252
437416.61432790966 4432848.5587477135
437416.61432619533 4432848.5589005984
437416.61432696227 4432848.5590558825
437416.614327507 4432848.5592105333
437416.61432730494 4432848.5593638616
437416.61432725517 4432848.5595161784
437416.61432782363 4432848.5596681777
437416.61432838626 4432848.5598197374
437416.61432862078 4432848.5599704636
437416.6143310169 4432848.560122449
437416.61433327128 4432848.5602743616
437416.61433472077 4432848.5604265947
437416.61433533544 4432848.5605786648
437416.61433633795 4432848.5607309192
437416.61432767491 4432848.561015795
437416.61433410121 4432848.5611721538
437416.61433950916 4432848.5613287529
437416.61433713383 4432848.56147386
437416.61434964405 4432848.5616446445
437416.61435421684 4432848.56180394
437416.61435812438 4432848.5619636495
437416.61436189245 4432848.5621243371
437416.61436205241 4432848.5624053944
437416.6143769701 4432848.5625292938
437416.61437281512 4432848.56257143
437416.61436890252 4432848.56261373
437416.61436532682 4432848.56265662
437416.61436111055 4432848.5626997408
437416.61435642757 4432848.5627423432
437416.61435260816 4432848.5627843663
437416.61434959865 4432848.5628261548
437416.61434580834 4432848.5628674952
437416.61434094282 4432848.5629076948
437416.61433627032 4432848.5629468253
437416.61433215288 4432848.5629853494
437416.61432806461 4432848.5630226675
437416.61432425171 4432848.5630581062
437416.61432121426 4432848.56309202
437416.61431841081 4432848.5631248327
437416.61431506579 4432848.5631561931
437416.61431151023 4432848.5631857142
437416.61430872907 4432848.5632138541
437416.61430653528 4432848.5632413561
437416.61430384888 4432848.5632680878
437416.61430079571 4432848.5632935036
437416.614298139 4432848.5633177776
437416.61429588159 4432848.5633412451
437416.61430308025 4432848.5636358922
437416.6143087793 4432848.56368106
437416.6143145808 4432848.5637254827
437416.61433491344 4432848.5639077518
437416.61436110229 4432848.5639492637
437416.61438733246 4432848.5639897315
437416.61441366922 4432848.5640294384
437416.61443992855 4432848.5640692282
437416.61446585564 4432848.5641090069
437416.614491468 4432848.5641479939
437416.61451698781 4432848.5641860273
437416.61454250396 4432848.5642233491
437416.61456755281 4432848.564260073
437416.61459174578 4432848.564296199
437416.614615346 4432848.5643320456
437416.61463863542 4432848.5643681008
437416.61466152768 4432848.5644041719
437416.6146798429 4432848.5644385191
437416.61469767871 4432848.5644726474
437416.61471516814 4432848.5645074109
437416.61473245051 4432848.5645428691
437416.61474935367 4432848.5645786636
437416.614765816 4432848.5646149712
437416.61478230066 4432848.5646524094
437416.6147990115 4432848.5646912074
437416.61483464431 4432848.5649304958
437416.61486207071 4432848.5649841549
437416.61488969449 4432848.5650393823
437416.61491725378 4432848.5650959993
437416.61494389345 4432848.5651532337
437416.614966663 4432848.5653580623
437416.61499700765 4432848.5654160408
437416.61502782442 4432848.565474405
437416.61505861313 4432848.5655325279
437416.61508933647 4432848.5655900948
437416.61512043222 4432848.5656472854
437416.61515174119 4432848.565704002
437416.61518265971 4432848.5657597007
437416.61521356186 4432848.5658144671
437416.61524536391 4432848.5658691209
437416.61527780007 4432848.5659237988
437416.61531016085 4432848.5659777615
437416.61534289061 4432848.5660309289
437416.61537678726 4432848.5660839863
437416.61541120952 4432848.5661370736
437416.61544501613 4432848.5661897315
437416.61547876819 4432848.5662418325
437416.61551351188 4432848.566294143
437416.6155487661 4432848.5663470384
437416.61558372312 4432848.5664002225
437416.61560378486 4432848.5665192995
437416.61563220818 4432848.5665147994
437416.61566061806 4432848.5665118312
437416.61567316594 4432848.566511956
437416.61568516446 4432848.5665128622
437416.61569761322 4432848.5665151877
437416.61571021489 4432848.5665186867
437416.61572218587 4432848.5665225647
437416.6157339043 4432848.5665266206
437416.61574614351 4432848.56653118
437416.61575839977 4432848.5665359646
437416.61576986435 4432848.5665400289
437416.61578111933 4432848.5665431637
437416.61579272291 4432848.5665459232
437416.61580370826 4432848.5665482134
437416.61581328168 4432848.5665493263
437416.61582232889 4432848.5665490171
437416.6158318469 4432848.566547621
437416.61584114208 4432848.5665452676
437416.61584937066 4432848.5665414985
437416.61585160147 4432848.5665237615
437416.61586551875 4432848.56653228
437416.61587360827 4432848.566527715
437416.615881036 4432848.5665229037
437416.61588828923 4432848.5665180041
437416.61589048489 4432848.5665700408
437416.61589274404 4432848.5665172711
437416.6158927239 4432848.5666212747
437416.61589921423 4432848.5665843636
437416.6159064282 4432848.566548082
437416.61591070646 4432848.5665137982
437416.61591407668 4432848.5664799642
