-0.0013118752656056359
0.00093389888123456975
1.9802449317432515e-05
-0.0019324968023320178
-0.00094983216856638227
-0.0016334301164777176
5.3092438248634674e-05
-0.00038592519390919715
-0.00070601294260725527
-0.0020362078566568478
-0.0027336126543388434
-0.0036051688639766573
-0.0040676247974975
-0.0054545963682300904
-0.0035897460344925846
-0.000321911952443364
-0.0028895140413507793
-0.00095961375591423182
-0.00075408245232196373
-0.00056691001311295235
-0.00251726070180166
-0.0034457231952788048
-0.00083243640507551847
-0.0017846208932380246
-0.0036399850742767472
-0.002718971978708423
-0.0041723772576513626
-0.0023614038776402389
-0.0036067876799774096
-0.0031819884717295549
-0.0048432591168180075
-0.0064084456376387929
-0.0041236290391374435
-0.0046416007937644943
-0.007451123223897245
-0.00545336173210703
-0.0049126939840026928
-0.0031697727079069674
-0.0030149636035193108
-0.0046904337033075736
-0.0024857027282799318
-0.002514461012208453
-0.0015012426653426441
-0.00055305960023436954
-0.0021467764755419578
-0.0014457693418804588
-0.0020523430575122132
-0.0028053761308534028
-0.0035036112469985213
-0.0034850612938153802
-0.002093900580277148
-0.0005573071488172163
0.0013999685725673149
0.006302966229036833
0.004202945179184567
0.0022326500719017394
0.0028620901505455481
0.00098515069533405483
-0.00076638615049944491
-0.0026179920386849558
-0.0056479410993179454
-0.00279108277874178
-0.0012401668658016524
0.0026752902286859767
0.0034869792510723694
0.0034974017599777476
0.0046209104438073387
0.00077014891959989971
-0.0024245708608641014
-0.0063776691264421674
-0.010214512762758182
-0.0089474001862170829
-0.0071569808977305751
0.00037717287659301112
0.0067553403391451316
0.0084575398579957422
0.010206969417285537
0.0066468145807540074
0.0012606535348477993
-0.0030244699013024521
-0.0087756077253109254
-0.0084553417674270749
-0.0062871777790472943
-0.0028285592359511332
0.0041427182168392983
0.0081518595162675522
0.0092831099204011818
0.00875221630928465
0.0026820508267884962
-0.0028681224448715041
-0.0074202229794646446
-0.011643741507902868
-0.0081344936932256137
-0.004598863742403583
0.00024751873292855244
0.0087696796565088671
0.010815473814115302
0.01026557274374465
0.0030251292203833909
-0.0037577716768991774
-0.0073625350882407584
-0.011543140924685925
-0.0079757786836194659
-0.0041981989395982111
0.0024474679150205542
0.00864118731112248
0.0097909968945253077
0.011120792521389771
0.011183006541767748
0.0035503742708266747
-0.00050321985265482268
-0.0051203876834142788
-0.0038888997846352564
-0.00086634389471110457
0.0020883062019363234
0.0096310159164052847
0.015941344567650048
0.01620397269027004
0.013880585568967282
0.00823776662873782
0.0039842616262090692
-0.0012856985567118355
-0.0047486498360926671
-0.0026383694696388
0.0010018724401157928
0.0074815455899733653
0.012333151541134325
0.012923110425785759
0.011022754545880364
0.00544814125986331
-0.00024023503829053317
-0.0055647739053995057
-0.0085508012329451478
-0.0067505094207340865
-0.004121455711219078
-0.0027019323355268422
0.00201589691838042
0.0025694593706389389
0.0039462722484760408
0.0047351931617626766
0.001162064933168431
0.00044787619772773994
-6.6596251278396891e-05
-0.00054241127449001765
-6.5740518896716452e-05
0.0036144374109628695
0.0070646359849766407
0.0067018961775022088
0.0063560989578591151
0.0076432402076066549
0.0051298389942026094
0.0032517203345719917
0.0020423665085789735
0.0013196561774949981
-0.0015857584414059552
-0.0043011877191503727
-0.0068314359599058894
-0.0085038578164758852
-0.010529469654186729
-0.0090864574655007777
-0.0076122774293484732
-0.0047993941422298505
-0.0021621214419790336
-0.0014470157878817785
-0.001331428770002059
-0.0031600714521716365
-0.0061478487568361086
-0.007246427418034428
-0.0092601617555046374
-0.0058755788945002631
-0.0027055126888320996
0.0013167216411993214
0.0050804037011415925
0.00819072354247937
0.0099337378233871221
0.011049794533202727
0.00850803992371692
0.0064778051156470151
0.0015549154718993222
-0.0030463952782974609
0.0010341105037821041
0.003056360422692105
0.0069621779059309327
0.01307165847109866
0.012281024489767523
0.012681186926900965
0.0070518342768352447
-0.00047516608263249542
-0.0054110652789570628
-0.013501619087230108
-0.013399182087438878
-0.012336935023957265
-0.0093851480200266291
-0.006925920307427307
-0.0083262065211196744
-0.0079034582970151923
-0.010726449008266435
-0.014826754692972401
-0.020914413709238407
-0.026631453364466665
-0.029984103811617816
-0.025392146300110587
-0.021130944759797089
-0.014991079445843124
-0.0084829286678036984
-0.0041319232633011717
-0.00071907576700765835
-0.0012746493578426356
-0.00096375786001300784
-0.00248460743237088
-0.0045807834118762117
-0.0015517293840269127
0.0023777277150586534
0.0093712140245145285
0.017328090703346684
0.020495741021434748
0.02234911280950249
0.017935849920129573
0.012661572079313278
0.010476257108944519
0.004630580770183689
0.0041518296397650223
0.0027918397179258311
0.00061034643365432588
0.0024320108911128329
0.0028798998539444156
0.0039496048898087872
0.0032827558357052642
-0.0010678654695254323
-0.0047103799974835495
-0.010618684719412092
-0.01417302453008638
-0.013767009643946277
-0.011967364163935949
-0.0063203189617407384
-0.0014056731150306921
0.0013646446260927188
0.0035061877781742017
0.0013994841906334095
-0.00010155416567866893
-0.0034967896045581246
-0.0057918592621691292
-0.0060351257852765405
-0.0062558512663096963
-0.0024449355486966624
-0.00030555284935581545
0.001705289967138029
0.0055899468351639815
0.005595576885553173
0.0061130361789097486
0.0058627486794888932
0.0012515283414045036
0.00061252723667066622
-0.00035958893512444585
0.0005815393898599302
0.0014763184291389912
0.0037803889010610764
0.0053516784075504451
0.0070933596854245136
0.0058446263312192989
0.0044105273142513446
0.0013865665022843561
-0.0024867316775493416
-0.0053648546836979564
-0.00826568662246382
-0.008772306375543425
-0.0099614253961175271
-0.01063179310381707
-0.0094900111625863311
-0.010385034194341763
-0.0085315733664312228
-0.0058289634200438516
-0.0064580031998720091
-0.0047465342452765423
-0.00590550839670956
-0.0074817853701893457
-0.0064125538559673696
-0.0061338472690536383
-0.0038680578846786032
-0.0017565869295290268
0.002632568785811599
0.00465246143434579
0.002467233301223551
0.0035364437247994702
0.0047812192990114889
0.0044257579181913092
0.0026683819214314906
-0.00019373652510023143
-0.0014062490607836375
-0.0022212779826045136
-0.00041943428061991012
0.001266627803446373
0.00071369105088108355
0.0025475337551898237
0.0053957730748900685
0.0033637661583781758
0.00053203794840441833
-0.0053426646086884664
-0.0112224159912108
-0.013328122522880959
-0.014361731862985238
-0.010261026483361881
-0.00653183230583915
-0.0030435445688531564
0.001169344702501868
-0.00043873003797077065
-0.0030259382705258879
-0.0062381083284435423
-0.011480689932793227
-0.013367307183265264
-0.014567767840408677
-0.013303660121647205
-0.0065686216522339988
-0.0010405339324730369
0.00595394317658647
0.0095926485464273171
0.0085349789181396133
0.0056537196947019988
-0.00047853647974527118
-0.0062442460671904183
-0.0095277970553507615
-0.0094487114160762657
-0.004802850510748009
-0.00037750044904800214
0.00598845390669972
0.00938042509947826
0.0061559040421015742
0.0041464241248040335
-0.0051644408247993783
-0.010889701369295502
-0.014894472538809995
-0.018705838812799549
-0.013604531833083196
-0.0085235632884537917
-0.0044101872423621836
0.0012071975356538339
0.0048010212730850666
0.0035348683287809
0.00031675834187333291
-0.0066973449286629105
-0.0091052177955134
-0.011180706315024097
-0.010233531249012634
-0.0049011342178165015
-0.00084575030013593362
0.0059299271078759692
0.0095586928667985
0.0098157643873470427
0.0056631734785776546
0.00014632359999655446
-0.0013007144482716133
-0.0043367461072294769
-0.0045805554153337319
-0.0028081038558612267
1.18170959520136e-05
0.0022043715964605794
0.0060136375425213044
0.004762842743779346
0.00415420832673289
0.0022790536775957027
-0.00096232433822516193
-0.0028274589348219522
-0.0049528785603733579
-0.0050035225597083732
-0.0043833888349451254
-0.0069248202262642018
-0.0045645521248477332
-0.0023891019510068603
-0.0014469986613286148
-0.000925618456784981
-0.0025352043275667121
-5.9591933085272573e-05
0.00045090870944887191
0.0028894673647678754
0.0045119353066133882
0.00318239463301957
0.0019439053575290412
0.00081393460299848761
-0.0017123484452182254
-0.0010994754975152733
-0.001872796379931528
0.0018519257241121556
0.0059909490073264057
0.0055798661464363519
0.0083266296014942072
0.0046324037793196039
0.0019595807287803905
-0.00017851009751924116
-0.0037633618491461646
-0.0042546277883746386
-0.0049856576524817224
-0.0056755191705223137
-0.0031455147731487311
-0.0012839588505420703
0.00066554299312084845
0.00088228419415427718
-0.0017641292713846291
-0.0046372781000245831
-0.0089334567429001956
-0.01295978717880503
-0.012898955046376323
-0.012578957294369902
-0.00836647330417872
-0.0029372466273999602
0.00040334786334425294
0.0025791122877212125
0.00061542339609631279
-0.0023089163258125612
-0.0028305233879240216
-0.0078492383189959318
-0.0058634121357263851
-0.00417695715475093
0.00090527876501645278
0.0052911325118783926
0.0070815048125947534
0.010314895704093819
0.011984886089252415
0.01026569360422061
0.0086578138604416523
0.0025438264570445037
-0.0033037282394475379
-0.0039055584507327861
-0.0038191579969124438
0.0011914161186280798
0.0021429848768743345
0.0064500658028766485
0.0075975481039862961
0.0027449994231226434
-0.0010036119079187646
-0.0082247580757849933
-0.013671668675639688
-0.015417283493506273
-0.013161311168488881
-0.0082855439881044917
-0.0034068919223248784
0.002096151780151578
0.0076100767698278433
0.0072036059687264654
0.0050493247706234487
0.0016614284924163516
-0.0046028166554084107
-0.0061368971680815362
-0.0061490142096368916
-0.0056293697058386553
-0.00061674845285084913
0.0025453715412762372
0.009229666860993354
0.0081150554490719631
0.00662696612517726
0.0039592937718033547
-0.0012573199539117792
-0.0066673331333432255
-0.0084513186158201945
-0.010230159848981325
-0.0063861060005570847
-0.0030266014831001257
-0.00062728008831624974
0.0034486977483672641
0.0028367517400430154
0.0021541872603704727
0.0011720859269690601
-0.0050656039002831719
-0.0075065218707639717
-0.011539212255977864
-0.007902902306108
-0.0060240607473377407
-0.0035394559415228483
0.0033763121338475743
0.0043775881848348861
0.0062552832077799212
0.0039150616324165905
-0.0021961182846331976
-0.0065387082730846086
-0.0095118458815225612
-0.010081323014468044
-0.0061639039216957606
-0.0020325520153395022
0.0056827856586390141
0.010794570943769857
0.011501912271837941
0.010295231212402004
0.0031316074128085103
-0.0032702410499123027
-0.0055059332876382728
-0.0083075745407625145
-0.0025409220107645326
0.002310033665343692
0.0052256683096026137
0.0072210803464602524
0.0040114542642744784
-0.0015630082752970155
-0.0067964888983330146
-0.010690238090227606
-0.013821365241608388
-0.015503644115009525
-0.013093271029631447
-0.0078984200993283786
-0.0033665056800385781
-0.00311372052560716
-0.0028877071359415182
-0.0049617577538658714
-0.0084190534471477643
-0.010905334503646152
-0.013223710176292631
-0.014413417843188713
-0.010774510416013454
-0.0061468960178537747
-0.003666452590004126
-0.00012205781974891031
0.0016764310762747111
0.002151319733418634
0.0021394789981671164
-0.0020027389887095431
-0.004224332317216882
-0.0057496356008067606
-0.0071726804370671991
-0.0062577261689888
-0.0048215788325584891
-0.0018173521082971594
8.0743670970803531e-05
0.0010358948335377921
0.0012572045066031182
0.0001233636659675923
0.00013508578297948053
-0.00057723753652579165
-0.0026082740337406776
-0.0023400660675227418
-0.0023408643774462151
-0.0032397625500763397
-0.0017262021626888125
-0.0029881065576519983
-0.0041857031510964017
-0.0018582098026600461
-0.0023813791965020528
0.000590795220065264
0.00084672334550653394
0.0013935981164487265
-0.0010515696826279995
-0.004614501726424255
-0.004129855732275119
-0.0049487768305239458
-0.0054179850125832671
-0.0032446571706565607
-0.0027276725287683893
0.0018119031342960384
0.0045774641848396313
0.0053439553532155255
0.0044343813089730739
0.0027034728606065411
0.0019896637082780968
0.00031369672895509792
-0.0034324838870956288
-0.0016239529616195159
-0.0015977895221030629
-0.00018735959696533351
0.0021930654740750892
0.0016000569055744211
0.0018881359579464296
-9.7684225050561745e-06
-0.0045400589788229485
-0.0065887986002742564
-0.010978209480719953
-0.011816189230909144
-0.010101404752103584
-0.00829898799637344
-0.003555361296805973
0.00046232294977014473
0.0015134666352583969
0.0021210988870905365
-0.003054791545656012
-0.0054039242354792507
-0.00702185928038409
-0.012319999272010957
-0.009615864037825609
-0.0084093442964666733
-0.0063672430223840528
-0.00055236732978569073
0.00085209542984409845
0.0032293592753103212
0.00030790278407668691
-0.0051514008136277351
-0.0082316147603170957
-0.013445112735485589
-0.01318560143576559
-0.010486510349351113
-0.006588411918897117
-0.00092622232300677149
0.0039117067975165468
0.0050950300195130496
0.0047196193289853871
0.0014322209822331313
-0.0016586363300363934
-0.0080739122883734856
-0.012582783819422388
-0.012867919278044739
-0.014995655409493769
-0.015396131803395842
-0.012622032882896561
-0.008568078664206915
-0.0047604070321703267
-0.005047100458788362
-0.0050422417882817353
-0.011925000256220437
-0.018381251310351104
-0.018786136646176482
-0.019238371388014697
-0.018673829592473674
-0.015703297498068737
-0.011788237028354857
-0.0046587246534416987
3.7372487886747421e-05
0.0016264546779738952
0.0016876963345844784
-0.00209807711280689
-0.0046811001655622216
-0.0059197075136124908
-0.010441126982974086
-0.0075477281334097339
-0.0068013649508712184
-0.0038197344627857372
0.0017575868475320946
0.0032063743358597295
0.0059680694774817272
0.0044991520858326745
0.0010381472355766668
-0.0028337136396750797
-0.0088134868403091909
-0.013668921518438876
-0.01257153983758047
-0.0088405662765165174
-0.0042766010217673575
-0.00045497901849810224
0.0018408304316266141
0.00291008438955781
-0.00057846794502561076
-0.0051912265454415567
-0.0092238849383930715
-0.01405093597613848
-0.015691169892784632
-0.016197780573652107
-0.0096298362785035077
-0.0051779763599066131
-0.0022315057586825677
0.0042094730779707983
0.0017516682904351434
0.0020780078930951046
-0.0014540183014972591
-0.0021469279455222246
-0.002792923742013322
-0.0028852219217628348
0.0022873538681399495
0.0056984969553351313
0.01190190196455921
0.01665875352982036
0.017575062247504703
0.016136070200640583
0.013742373990377589
0.0076267255977487836
0.0015414477256220976
-0.0038679868514724268
-0.0049508241068086439
-0.0044482870617638896
-0.0043028287998357452
-0.00093285269527255835
-0.00073910961037076473
-0.00012325706866624163
5.7157058908729059e-05
-0.0047423850017674265
-0.0073698451844395191
-0.012884354558006851
-0.016220538777986512
-0.014993559842677461
-0.010696641010467956
-0.0039729860886131858
0.00018600686406656814
0.0036790263424180481
0.007321141857194919
0.00658958735664959
0.0026153328838408752
-0.0015968482585466213
-0.0046934083392333337
-0.0059757113883006129
-0.0054453338608437723
-0.0052079420560958564
0.00050920594090817992
0.0015379359547818552
0.0053876364137328018
0.0095747827753678832
0.0055011744642217211
0.003427777988166303
-0.0024864259475960264
-0.0077834472582677715
-0.0098759617452710523
-0.010694400188959306
-0.0057647695969186979
-0.00043904892994036521
0.00065085910520013327
0.0028936403984186169
-0.0001220506580164385
-0.0029641582424722555
-0.0059058240358333194
-0.01095817885300664
-0.012380274160665684
-0.012845046504057531
-0.0080888287371664157
-0.0038569432775823476
-0.0028780253304550316
-4.7302011467783255e-05
0.0030690424133747386
3.8566923633416572e-05
-0.00045773026312317022
-0.0022018289331442475
-0.00082843758476484138
-0.0015869236645523819
-0.001799210940480039
0.00314321424040044
0.0051037644649223977
0.0067988235844155124
0.0071354792169764205
0.006906476680499843
0.0051517531432442309
0.0051674590331002093
0.002371127351626806
0.00079818808269889073
-0.003174239706223637
-0.0025733318222612941
-0.0016463084973639048
-0.0052870462515148368
-0.0045154307488130974
-0.0064878640351817944
-0.0054502833372708876
-0.0022645491221548095
-0.0022159966737392129
-0.00067200310456627514
-0.0010113451565411762
-0.0022700626211259577
-0.0013239816806309105
-0.0052875321253410415
-0.006630330449348818
-0.0052902077477588686
-0.0044739663110746064
-0.001423057167455704
0.0012264497500361665
0.0039564648105433319
0.0069484623304933678
0.0047274075371448706
0.0025981813245167049
-0.00097636340616587313
-0.0035839026138534151
-0.0019307801847945748
-0.0025720117734711963
-0.0031760345529878919
-0.00089599726557309124
0.0007716171446893144
0.0050100877870106128
0.003542745929052492
-0.00039963410164820055
-0.0036251701702161394
-0.0098781872901484991
-0.011286618608119147
-0.011950387259246114
-0.010113014861505698
-0.006553384040927113
-0.0023064385526732597
0.00015303151639509517
0.00085072292981381074
-0.0048586669030223064
-0.0061166066799407488
-0.0071994517795505768
-0.0086364928280264833
-0.0069971475665987362
-0.0088564391037172143
-0.0037827632656376948
-0.0018958635400072427
0.0028732522380118396
0.0071143339371611235
0.0050902494432766895
0.0029184801455198095
-0.00088998866690859777
-0.0058414614970393255
-0.0082612472120675035
-0.0080937873663811059
-0.0055173922673176761
9.7029807119029809e-05
0.0036723685588448502
0.007279994927760625
0.0070239710613047568
0.0043120381351225961
-0.00048932653739366689
-0.0071832950027508769
-0.0092036053572837045
-0.0099685052181500249
-0.0078267399571980839
-0.0035145503932171706
-0.000374153381976626
0.003144094824668976
0.0064872284409391925
0.0043858332714652778
0.00017520247237157345
-0.0037798953435941897
-0.011204581925125773
-0.014063036075877286
-0.016656766791740052
-0.01401885000600555
-0.00954590732617739
-0.0036916299378562164
0.00223739003822967
0.003885478376546579
0.0027271630899960808
-0.0018164343934397704
-0.0070600113992444619
-0.0090619614251639773
-0.011158294283686759
-0.0079620477123710665
-0.0012688983421390619
0.0026844100206439838
0.0081932207952219345
0.0072784078581812177
0.0072742604710180556
0.0073259684937389859
0.00064523831329890442
-0.0020021646922733327
-0.0076538473896379088
-0.010903103804072381
-0.010654034782563059
-0.0077455253270054987
-0.0042781329314159587
-0.004937884715802315
-0.0047074569517786642
-0.00617120011397578
-0.00811915914387714
-0.012705248647554023
-0.014348190413218737
-0.011045052612774461
-0.007780255821020144
-0.0018536468825466161
0.00054236041862611726
0.0051501098221039907
0.0035694912015776922
0.0032446519245809746
0.0051874243487673791
0.0029639317971468081
0.0052478887587594182
0.0044451455071488873
0.0083571575151583956
0.0099065678451567378
0.00955986218000778
0.010002714660728966
0.0094369222726148061
0.00977011458453279
0.005604899202737209
0.0016882139485127762
-7.6810243235373322e-05
-0.00096183981253613389
-0.0032596335606106942
-0.0032912306148716597
-0.0038532122850725293
-0.00347064741268597
-0.0036881799279511328
-0.0070569115949563419
-0.0059934765619222338
-0.00802078524156493
-0.0073043701208511547
-0.007064733807535385
-0.0072654784970669385
-0.0086420030102481657
-0.00776676518706319
-0.0070370442487040878
-0.0099179865307319134
-0.010017782750097556
-0.011171319019545357
-0.0049958844041062926
-0.0010374539391565223
0.0058143255050554562
0.01074476307572747
0.0092167597522527546
0.011547626386578717
0.005834192640997069
0.0038960267086400138
0.00056549767722942172
-0.0029358078204154542
-0.00045555707516913447
0.002880737657951991
0.0068662661761656795
0.010186595327023656
0.01028548731912771
0.0083032817101561934
0.003542118838467577
-0.0033168382875933657
-0.0089537780985583047
-0.013450898047970141
-0.014943377198800295
-0.013896041368038129
-0.0091577266407717253
-0.0035790088901421291
-0.00089482424611716767
-0.0018054309162755739
-0.0042580657170040431
-0.00828493557642954
-0.012048224378038586
-0.01665632321965789
-0.013396494890669238
-0.0083193595956803229
-0.0042745207278837441
0.0013544039464901169
0.0059828675950951366
0.0080611409020558862
0.0081089854717396
0.0044992467142437979
0.00089479118954467621
-0.0052179112344357785
-0.008828250646400913
-0.0082265907651562845
-0.0036420477726693788
0.002328217256158633
0.00812267669698177
0.011666318203596831
0.010711365605509816
0.0065572181293633378
0.00011029621581286168
-0.0057712843460432112
-0.010995889619471368
-0.010562675584970005
-0.00865381573094603
-0.0015291710024506952
0.0052348932042312057
0.0058829428271417183
0.0096311148027970177
0.0020483901041602522
-0.00099795184489462037
-0.0052240097079800582
-0.013849470168854325
-0.016775529760552833
-0.017564635673724391
-0.012993868815276585
-0.0053871605560757005
-0.00012897165664298594
0.00574598724378198
0.0078520803212798786
0.00621556676608698
0.0034987600464464154
-0.0028005687096795
-0.0062124454222837935
-0.0077084650356866249
-0.0092807836052932659
-0.001777927589341523
0.0054478832394712394
0.010659045375949382
0.011858604938531516
0.0086953653633601337
0.0066793818401684243
0.0025347134058165367
-0.0031612732511580484
-0.0051414766261886234
-0.0087345349439820232
-0.0070666868770379709
-0.00040048970950513213
0.0026536776354128214
0.0058307578839335485
0.0069712814008215922
0.0044336858572276584
-4.7082743100518992e-05
-0.0084684545386737656
-0.013140592428048478
-0.013706064746379339
-0.012570252511079074
-0.0061706252701735648
-0.0018028513510659327
0.0021187406087299051
0.0047050806021926295
0.0030036609562283413
0.0029443960418737551
-0.00051886375498684046
-0.0019415574175819872
-0.0036955024874659403
-0.005338762810916697
-0.0039935562737849813
0.0011605189401582621
0.0046093794838455047
0.0077885362574313406
0.0096528575168552729
0.0078929372013579364
0.005749741199386889
0.00011694593585869113
-0.003628850492765733
-0.004167635420108391
-0.0044225600420805186
-0.0015469195223186808
0.00058369584586092814
0.0040501443077040032
0.0048862101957897379
0.0017096394131763653
-0.00010661179126906888
-0.0047414942446495113
-0.0084868949097399275
-0.0081145358671426363
-0.0091768044315631552
-0.004308333925956585
-0.00062138902588843936
-0.00048122531283590844
0.003394028516182152
0.00054757407025712423
0.00086042162723005413
-0.00108430770872888
-0.0019330986423381864
-0.0027881627833448303
-0.0044799127000706559
-0.00493257280197474
-0.0014450876438670004
-0.0012444594815082958
0.0016606599437302386
0.0025094269945967313
0.002053771221459195
0.00024052143554970313
-0.0026749474137418442
-0.0016442935735820673
-0.00057322075342265623
-0.0015096190774936096
-0.00082140609802462694
-0.0014109667982461259
-0.0020919197171309755
-0.003774079829082341
-0.0038607921351407381
-0.003718124375033687
-0.0018225957952980063
-0.00065440094860110139
0.0027549333779167164
0.0014424035862963017
-0.0019694550013364615
-0.0054256499360845825
-0.010079548845603161
-0.00977295883697706
-0.0095171235605223357
-0.0044679752010900672
0.0024986907885550811
0.0061017114653593805
0.0097899659959121334
0.0071679373124573231
0.0045727973590465182
0.0025599439945213566
-0.0032429281882245691
-0.0059802107655572874
-0.0079974628041547518
-0.0074755192571289205
-0.0036056807078552948
-0.0015715081127520153
0.0031695030500136457
0.0024610383087634732
0.000957415510677539
-0.0011338190167635809
-0.006216221518390793
-0.010975169414194229
-0.013069264915196029
-0.013191973072761825
-0.00975189375127897
-0.0079579335850332826
-0.0063468475260873743
-0.0026029136875905796
-0.0034222457807997729
-0.00060041858089789546
-0.000568962494187969
-0.0030824960012820614
-0.0048813502988510988
-0.0072820824963404163
-0.0058508727416241458
-0.0054874450249262109
-0.0025797957992389547
0.0015572277576969143
0.0023689766363229297
0.0038644550878054124
0.0033241000598504423
-0.00071812906664719608
-0.0036391266598826263
-0.0056864402334000468
-0.005993401004494428
-0.0053287390353390189
-0.0045209511956396144
0.0003894450325200088
0.003011475724238097
0.0036465800430374013
0.0061505907045322269
0.0027786436528774239
0.0012159323122627693
0.00079012740673584732
5.3982938672528973e-05
0.00065820637670907414
-0.00081074047478796806
0.0019342525870184838
0.00053651070434719583
0.00031069395694942423
0.0028660632781904796
0.0013983159326725813
-5.700732308742051e-05
-0.0028905492785354725
-0.0052851542640411139
-0.0053350443043807868
-0.0066359766057791465
-0.0044600952584141129
-0.0024219746530391097
-0.0023363192058735533
-0.0020176191883319195
0.00010286891339450358
0.00059810079512638255
0.0018346482137717769
9.4361364120979516e-05
0.0008809965859051974
-0.0009995950675624754
-0.0029230994969096061
-0.0034436107825799645
-0.0038383678327885665
-0.0013686933118186168
0.0013939746559235473
0.0038610633666091975
0.0054205799307360247
0.0056082811163574225
0.0049457218809760561
0.0035477152364692078
-0.0011621312607579736
-0.0044979048140451157
-0.0047848313366863592
-0.0049867130473554323
-0.0012243791354365338
0.001486709314467777
0.0014579360164672518
0.0029001232282471587
-0.00072938472752704341
-0.0021500665566993654
-0.0050211379676595455
-0.010529919117917411
-0.010152816162071445
-0.012106369507460539
-0.0097387961576786471
-0.0067899461665779336
-0.0036381602464438147
-0.00047368214930879927
-0.0010340592509373817
-0.0026755260903476722
-0.0066274755970915271
-0.010762571016240632
-0.012107640628091805
-0.011908852147141923
-0.00987500511112347
-0.0056732470468394509
-0.00059890275063925226
0.0015370236406498333
0.0042173848409243833
0.003283301966183766
0.00039132045490105054
-0.0049255635102397012
-0.0071863151643984527
-0.0084107425355359859
-0.009421053578388152
-0.009834260693346971
-0.0055458240409775933
-0.003501418016661967
0.0010340046381655914
0.0061263072883329453
0.0070443654955246737
0.0063596982948618454
-0.00047833789263167659
-0.0030460425811946819
-0.0090252115208294785
-0.010789826669039163
-0.010044495334499739
-0.0084132798746398511
-0.0027579282270394573
0.0016288815000480086
0.0035194356870912854
0.0063297435836152651
0.0038862920961339532
0.0022215343245385365
-0.0026249821251566243
-0.0072363517729318715
-0.0070616412933749819
-0.0034023025554889043
-1.2452815718547866e-05
0.0064834654887556287
0.013194052843311748
0.022675591839586964
0.029928165190230279
0.033077015391028169
0.03627436844353573
0.03590052872420027
0.037912213559091933
0.040178855727843063
0.046265435051440533
0.05465851623593844
0.060896972455460642
0.0698066128006444
0.0732555714532205
0.0748220443795896
0.075790966757201872
0.073282195690643925
0.071517027783581572
0.07165888083849159
0.074466595282866574
0.076015505059050137
0.082647747202260327
0.0870110134266993
0.09192342150137825
0.096346605300040689
0.098439682047080021
0.10049948885376807
0.096673059879125361
0.09626791692645166
0.096545238171505912
0.098981652764064676
0.10692838826169788
0.1115234932053917
0.12077838476132624
0.12467940149960349
0.12798274401040019
0.135126347675799
0.13615898960715692
0.14129236180760693
0.14464825904365283
0.14654063352241797
0.14969802411861782
0.15151745926373819
0.15790821940935515
0.1633459325267532
0.17056003566612532
0.17934131181383137
0.18750017524582172
0.19540707167230978
0.20208633531852571
0.20809972822657569
0.21310193397824093
0.21565411517276237
0.21674695641077762
0.2176002366088618
0.21903879431906759
0.22460427624940321
0.23117823527008652
0.23717312677130231
0.24501541642416291
0.25164409967010054
0.25432491039824084
0.25563710921031713
0.25527857706243645
0.25247768903620055
0.25102107849121974
0.25037138374601486
0.256141615378705
0.26204895168675135
0.27121607606717307
0.27803037980352541
0.28050847565069637
0.28002981718356035
0.27429765404025247
0.2716105819995468
0.26963495114356556
0.27052527578792895
0.2742550522707935
0.27732471632311073
0.28311030187061853
0.2915481574445592
0.2948385487894305
0.29787900343239532
0.29597649266509
0.29061278230491921
0.2880898283555966
0.28355137851631262
0.28523005754842
0.28830256925025138
0.29536903919323859
0.30380710745867923
0.30883450524186051
0.31147172333293111
0.31025215976370984
0.30652266020943014
0.30425470485036227
0.29862446735588632
0.2985254039755299
0.30010403203307046
0.30244566103535941
0.3076198392903095
0.31264854614390597
0.3155339401197918
0.31744207092650928
0.31754728821759787
0.31392924039970072
0.30975380901891747
0.30383407953503289
0.30399485652299513
0.30537013903835608
0.31030455620273717
0.3197026763950131
0.32596572967862492
0.33169290906982174
0.33144757592849222
0.32579329757696224
0.32332783279554839
0.31890434692306252
0.31657462383459473
0.31775598573980285
0.3162599258424601
0.32515420864118733
0.33142796284551757
0.33719717628262774
0.34450511547715174
0.34260477384822613
0.34483530215631175
0.34363703626054493
0.34177033035769933
0.34710992815176406
0.35326005789068271
0.36539143136132168
0.37669487089369952
0.38551872915167762
0.39221513078582892
0.39522516717033673
0.39574729639452977
0.3945742944541189
0.39394981907630566
0.39828999763526657
0.40459096988785265
0.415384300576853
0.42752503251025836
0.43433567150243874
0.44008604728202072
0.44218387360414874
0.4425177738358187
0.44435020139889958
0.44396004100559944
0.447694404685134
0.44954946886421521
0.45177987190161567
0.459911612429255
0.4654911303875513
0.473281832360118
0.47846110022746036
0.48183326856837189
0.48421018686548389
0.48706809876418555
0.49160701708423687
0.49657843918583444
0.50513562766415754
0.51396047478439288
0.52540291962252672
0.53692366801554881
0.54951805712266488
0.5590399372915229
0.56909631513908054
0.58259680008620263
0.59316936166086254
0.60671956621654988
0.61932640491261681
0.63092976542724422
0.63916276357385871
0.64952870540334018
0.66511695824859
0.675259655858335
0.69054803717420188
0.69882266114401326
0.715883178935922
0.72839865644820134
0.746952995199804
0.75871718605985139
0.77071002141438338
0.78856843606717952
0.80505348511986441
0.82216910417660816
0.83226320873681736
0.85003891959577471
0.87040366675474345
0.89385950137768633
0.91485997218536808
0.93627922576403644
0.9522161761773843
0.97237769783750672
0.9888167632908893
1.0105404276425027
1.0309515521818136
1.0522697816925217
1.0695453416327276
1.0924938981838568
1.1192114166477902
1.1440289287616103
1.1625644192984952
1.1813465753816219
1.1990988181080469
1.2169306183970428
1.2302147059843718
1.2487680974095039
1.2661994767923845
1.2870233011413295
1.3080839450463502
1.3323258055975498
1.3516309267576014
1.3658718299490922
1.3757888789497768
1.3896932435293161
1.4020522609885593
1.4152964995146389
1.4266855820154474
1.4458597310269758
1.4670168529433991
1.4843604511411472
1.49674898020125
1.5081921587454874
1.5187853035222076
1.5241506205562303
1.5265483637281188
1.5345383845249458
1.5459657061169383
1.5594602817971184
1.5682392811104859
1.5784389343311649
1.5863501599230427
1.5911570805000075
1.5943287736159035
1.5931990481087479
1.5918183511357256
1.5889062267527847
1.5909145498045691
1.5950509036822682
1.6022329208487387
1.6135526862576992
1.6259663026694662
1.6337978080578521
1.6353741318173476
1.6338111251791716
1.6339171708783935
1.6347265646607925
1.63456534565919
1.6384297965229824
1.6437671637686024
1.6526551629855866
1.6644448302941712
1.67416533358376
1.6753710964589255
1.6759644417027253
1.6707389641341126
1.6661614139095764
1.6612987887946573
1.6603939303496749
1.6611412218019568
1.6642013605285253
1.6690726904783189
1.67623872188126
1.680492952095596
1.678644210471322
1.6782839829723757
1.6714073598333667
1.6663716677038252
1.6596757679027896
1.6613311056776405
1.662434173952654
1.6675169023386882
1.676657782167998
1.6801816749112972
1.6825064448245475
1.6771681534628149
1.6707678052416002
1.6617844423295494
1.6555142695858469
1.6539035861275273
1.6542802266537331
1.6563251735585329
1.6585706314367219
1.6588725973149514
1.657193871581379
1.6558233893902039
1.6535570217979605
1.6485199454586463
1.6453278001925971
1.6378780831071733
1.6315592794457283
1.6285240128618788
1.6269640530337413
1.623930950991306
1.6220457039861127
1.6152848473901369
1.6050400652506462
1.597873613375099
1.5876138719137425
1.5834882903632275
1.5788654859379974
1.5731087912174033
1.5677085749667001
1.5572958725002497
1.5505855362580141
1.5413946981832698
1.5351558220422707
1.5253787009978492
1.5188002947152262
1.5142892484059378
1.5053416996961388
1.5013920505042246
1.4938788406723695
1.4877079746659185
1.4802025093606808
1.471843333156853
1.4631233237466543
1.4548909194143897
1.451926425586227
1.4479033123229001
1.4449382523525505
1.44174774452597
1.4345479493958422
1.4297743980501896
1.4209986883770349
1.4144641894950907
1.4064729597835857
1.4072391412074212
1.4048741343659024
1.4049951210208549
1.4042874480115148
1.3992147240329986
1.3949135384491729
1.388187251216648
1.3840238706712082
1.3822366482458719
1.38202697045771
1.3825065318375906
1.3782695012664545
1.3807155036814405
1.3791931142919938
1.3788708920774546
1.3768352092167564
1.3684570377082952
1.3579399199898687
1.3449292714578864
1.3342981556144684
1.3321358084010682
1.3332556562065139
1.3300806199985966
1.3300851873412762
1.3260933157978343
1.3245369509167328
1.3165626308193061
1.3046454747928209
1.2904527750825971
1.2818472274565567
1.2793434703154165
1.2744493352300181
1.2741102292399105
1.2721161216131953
1.2721327563192957
1.271721378706592
1.2641467552517947
1.254787682068947
1.2411697969937556
1.2304990113142722
1.2248099138436526
1.2255544599812818
1.2265466440502848
1.2271449861965611
1.2269416316729043
1.2263159600283369
1.2220983148350646
1.218708725969176
1.2117118778336153
1.205827112464652
1.1941617787038983
1.1855027048257354
1.1855979827069296
1.1887665496101707
1.192110040474101
1.1908673917548289
1.1857270541535743
1.1776507849674411
1.1696003369077512
1.1613058439592276
1.1530999502048793
1.1435427298327832
1.1342019580248728
1.128157348178872
1.120252029669232
1.1161445689676484
1.1109008121364357
1.1072696865547178
1.0994037188342602
1.0932047958130644
1.087546331392206
1.0804566396392785
1.0748166612750354
1.0654661944247619
1.0593997890112858
1.0535693382395264
1.047821387559625
1.0404168600657617
1.0361023534076941
1.0338302398653223
1.033354734954284
1.0325202400999072
1.02894489034588
1.024650975104809
1.016881358770557
1.0137010401792808
1.0122223863716371
1.0084414236325168
1.0092708483018231
1.0079289167701226
1.0055484035704156
1.0021265929174612
1.0042317132021221
1.0064694225977266
1.0097695978094
1.0108636023735664
1.0066950706788638
1.0008286803852167
0.99444374557853132
0.987081555305488
0.98932826437940868
0.9922184015766059
0.99405238305804022
0.99215393801787966
0.99103248928847831
0.9864273469783
0.981978660244025
0.97601967958143065
0.96656180951896986
0.95897033333787451
0.9563317883133885
0.95377446631145446
0.95626097391193532
0.95531788300074671
0.95415972157712126
0.951250812621182
0.94583302865947239
0.93938627903841876
0.93229318833142061
0.92633363100799671
0.929884350880718
0.932666922585795
0.93652003727287614
0.94235814725400047
0.9474266412326815
0.94932125062936279
0.948887879014198
0.94390189721886986
0.93907116438402183
0.93503446634713683
0.93203510992271732
0.93484505418651231
0.93940642591901713
0.94519368680214977
0.94827631461769757
0.947424536036209
0.93967183726068515
0.93254712169478882
0.92666075987753915
0.9205379890723151
0.92424186045958312
0.92908693016962174
0.92570222470135188
0.92227924026995678
0.91980012663716781
0.919156345116416
0.91944119593696561
0.91604724706908336
0.91136727354774927
0.90557821958192752
0.90164619841671811
0.89843679903729845
0.89470350269057963
0.888962985505416
0.88578201183158112
0.88582759478295325
0.887724033716143
0.89220973417132343
0.89356083023326516
0.89068458276643769
0.8897973632943329
0.88980768323372728
0.88890018399247284
0.89030837327937951
0.88612015481584139
0.87995239783007784
0.872812148575121
0.87067243851585552
0.8746718405570143
0.88088880294702232
0.885892799100329
0.88862402627948522
0.8841789856460347
0.8784408836548897
0.86881081127022874
0.867977296700544
0.867391459607206
0.87258665164112437
0.87322760518710618
0.86615173724045291
0.86123502416637387
0.85451881838335486
0.85072789333761045
0.84449514560009531
0.83837419432913685
0.83258979267982125
0.83153084351812068
0.82697106047713043
0.83235137266284054
0.83506900805675954
0.840380516021166
0.8415565134072962
0.84407208071397355
0.84509677933611915
0.84580389533885081
0.84677987061778226
0.84595293185171372
0.85598899332254386
0.8602531027173137
0.86196505157157033
0.86431781587472112
0.86422909758471234
0.86092638384685272
0.85734076829371775
0.84411367078792321
0.83038969101083371
0.82421525929274908
0.81463467751338314
0.81053131216951213
0.80665672434714863
0.80224770469303075
0.7913971787613735
0.77839665340407593
0.75838632839221121
0.73571378285910827
0.71327981002992369
0.69246701274021993
0.67203835864720951
0.65549812875093683
0.64484938476059273
0.63032741514944923
0.61953673907028217
0.61153464694566284
0.59785558190648147
0.58410963285267348
0.56768516958694137
0.55005734096488046
0.5357711064442332
0.52603325279172131
0.51516409565470089
0.5000132702333836
0.4901478719434097
0.47590325210094475
0.46498732018837413
0.45852504371047581
0.44893589342746004
0.43321973872209069
0.41834952465882053
0.40638779144437442
0.39382398423953974
0.38814384950164205
0.37883974885799032
0.37075967527519177
0.36312394276460846
0.355102976625759
0.34410463000780134
0.33159010946603945
0.31800665036100234
0.30311608151766795
0.29126411924626933
0.28294814216136843
0.28078663068432941
0.27619880149065451
0.27074462412423189
0.27105415594390453
0.268227561753561
0.26668038254196214
0.25555116306120523
0.24384628397580169
0.24031469217490936
0.23304860767066429
0.23168492606976102
0.23287884313253471
0.23149363034824769
0.22156760875619383
0.21123445588712172
0.19777686675659936
0.19088137382799478
0.186648202634052
0.17725774568367925
0.16826789132927145
0.16096548077131506
0.16292140291128446
0.16546073645850815
0.1611088670356412
0.15346139346425272
0.14262585164089478
0.13398153238832583
0.12142768244986427
0.10461589846317157
0.082158427946554563
0.059590119590799684
0.043393300510055063
0.027688818936322107
0.0091109567720757262
-0.0086620365766154825
-0.025481252785295519
-0.046678850568940965
-0.069471765228655211
-0.090542027119639837
-0.10538217920254189
-0.11581327127278941
-0.12446439287373978
-0.13754953976730222
-0.14973518443700107
-0.16271618262895721
-0.18761224779556379
-0.2115485048726074
-0.23503893764652731
-0.25858381291887156
-0.29077483163926054
-0.32723688684707075
-0.36179490050291657
-0.39559734129008661
-0.43405927243277503
-0.47302886533754174
-0.515566657270595
-0.548979248238978
-0.5730522176241557
-0.59790437961172083
-0.62967764731018239
-0.66594359733556741
-0.69914233284670624
-0.73121841073173033
-0.76605043757650448
-0.80945537153494107
-0.865268814124946
-0.91928699311295536
-0.97205165184038445
-1.0201412956088771
-1.0616169472973742
-1.1059414293864542
-1.1565366035789455
-1.2070859687598687
-1.2533800953736984
-1.2956728428837876
-1.3326117780657087
-1.3624057311599473
-1.4037091576721858
-1.4356633862691937
-1.46468124326349
-1.4908422062373763
-1.5135527698022742
-1.5354213995336548
-1.5553578856948886
-1.5775221652220868
-1.5897189654066637
-1.6067202846345681
-1.624269087669405
-1.6414057602963463
-1.6547104217368978
-1.6591886459571656
-1.6595332540978052
-1.659370632452954
-1.6642811530061683
-1.669901849017468
-1.6751668197688749
-1.686469800456504
-1.7031511042576555
-1.7238742490755463
-1.7414690650928712
-1.7542823836317851
-1.76396256688731
-1.7682257710185336
-1.7748324554086889
-1.7813612670526451
-1.7972745293099157
-1.8121136469347761
-1.8241904585038351
-1.8376523530109812
-1.8454276407098811
-1.852364731140149
-1.8552272160391778
-1.853707668949758
-1.8538566765473887
-1.8558933973265486
-1.8636030513179278
-1.8707844059526568
-1.8778818537078303
-1.8894741621288145
-1.9043076928169487
-1.9196282328348819
-1.9264474140848722
-1.9315643380401393
-1.9322275439463379
-1.9311962293285445
-1.9453433617335916
-1.9594195003855575
-1.9817170028528666
-2.0108945566469649
-2.040019645574235
-2.0648883864818441
-2.0848602576878306
-2.1070714401138004
-2.129559944951489
-2.1497893811855131
-2.1693800782955335
-2.1966478359219939
-2.2257897311306367
-2.2597895258669722
-2.2938436458895879
-2.3275010071490088
-2.3549969715422776
-2.3767462786656068
-2.400589882330634
-2.4249632017338927
-2.4556563301681145
-2.4842446914140197
-2.5123850469924371
-2.5457140870428723
-2.5765895061052482
-2.6077916996914361
-2.6304361351204273
-2.651935526249976
-2.6702110470519878
-2.6938300389384917
-2.7173909565921885
-2.7435299456351609
-2.7738448249990793
-2.8070276612576075
-2.8394742585779777
-2.8669827319528993
-2.8997389048644111
-2.9307140830184824
-2.9653778791387841
-2.9942235089281559
-3.0197009111670545
-3.0409886647563318
-3.0599977823296984
-3.0811620668187842
-3.0925637691055345
-3.1066078871794707
-3.1135648710154653
-3.1226081894459279
-3.1303338435342534
-3.1394383501156713
-3.1502850268290552
-3.1552264969574906
-3.1621009468416141
-3.1611515488532715
-3.1594373143168033
-3.1574027247904897
-3.15700515823266
-3.1595379788086677
-3.161750749826719
-3.1665354256821914
-3.1770782960332551
-3.187209805642722
-3.1941940527032742
-3.1999486234515451
-3.2020859459751647
-3.2010379249384422
-3.1987379907701134
-3.1956865079569181
-3.1999051390562112
-3.2020918943034937
-3.2043914524048827
-3.2095602738186488
-3.2014522668097318
-3.1879654539435136
-3.1622155984501448
-3.1322705574480461
-3.1155133771617036
-3.1029988397202781
-3.0921185695248052
-3.0697834062202594
-3.0401876053218193
-3.0098090672965614
-2.98043294781529
-2.9561774541360206
-2.9252599478969987
-2.8916024710628752
-2.8534605665712394
-2.8086954708836585
-2.75638621128846
-2.6958172701145191
-2.6329157846731914
-2.5706359341369374
-2.5056008026839187
-2.44589888885632
-2.3821558747600244
-2.3199475053778449
-2.2466113881907983
-2.1763373328072526
-2.1113212152664254
-2.0422063654272002
-1.980507351105647
-1.9194071827730683
-1.862199598597438
-1.8064703133421627
-1.74449168109881
-1.6799391636886869
-1.6164645091594747
-1.5502062076681251
-1.4840680910260393
-1.4149812556343098
-1.349978969127744
-1.2872699160492478
-1.2284131210039373
-1.1762843973680372
-1.1239229835810824
-1.0735512336446318
-1.0202245415557127
-0.97039168644649187
-0.92240125722161026
-0.8699812387621052
-0.82713567080053685
-0.78373637797295237
-0.74735222557121017
-0.7176274267921543
-0.689649467286559
-0.66173222542109678
-0.62590734869353071
-0.59106334863217258
-0.54700275616805383
-0.50571363482228338
-0.4688695093569053
-0.42882482087489671
-0.40146529611999565
-0.37305723338050811
-0.3522439222734659
-0.33759304119876765
-0.31846763745800349
-0.299105382049694
-0.27277700306912722
-0.24960587161670633
-0.22589327402614165
-0.2078850370945958
-0.19445869243833386
-0.17898352440257964
-0.1721790301222739
-0.16165119861682756
-0.15322588151255956
-0.1412174606010474
-0.12676233726455932
-0.11008291969654713
-0.09169298795629105
-0.078146896236491653
-0.068436522963786467
-0.063033891787141277
-0.060150771804804583
-0.0574974916946229
-0.054841943501460086
-0.051168174603963168
-0.047496635189183185
-0.046495735532670827
-0.042076329541239806
-0.040585957337150466
-0.0381022187330016
-0.033853121760930562
-0.029167280578723156
-0.024128500394771515
-0.0202464221390915
-0.01661219900224635
-0.013640515270525608
-0.0066736069660137459
0.0051946954200385838
0.01065460250992023
0.028218840683871111
0.037670900080164486
0.055279383451340314
0.073648474471147848
0.090814855652224788
0.099580647070465558
0.09863111942322135
0.10593946513977751
0.10727811018975475
0.12035758186291115
0.12974366264504242
0.14015483985060803
0.15227798396223444
0.16587520715042486
0.18531868949822716
0.19408642497497439
0.20708348990160941
0.208865681381893
0.21637744326149685
0.22785715655520447
0.250232999442221
0.27088745373606959
0.28709185065124604
0.31450830616695857
0.33917144324835918
0.36989070420829312
0.38501404119154886
0.40031555753526643
0.40296469533077373
0.41439099779293009
0.42669507627681436
0.43367758278804591
0.45126412131805077
0.46489239722355014
0.48896723133591669
0.50993851314580108
0.53955586134829958
0.55260298033453448
0.5638051714929051
0.570271948190759
0.58292860266394531
0.595800129884943
0.60912087352170219
0.62528200334255868
0.63804630760430769
0.65430648476639508
0.6693049053843757
0.68951281035113154
0.7056501453550007
0.72262687646407731
0.73475531374846048
0.75701151520291954
0.77555218057911723
0.79886991855208422
0.82049633797736887
0.84425978407069546
0.8632400818193442
0.88402954814891732
0.90449682241397067
0.93025447779708825
0.95680813088037053
0.979542367787867
1.0002143409972695
1.0235005065660328
1.0413112736076042
1.0647554267019985
1.0845386297571988
1.105023625379751
1.1245901691743112
1.1475804349292205
1.170122672288108
1.1915635261576507
1.2070959555300715
1.2204337568883927
1.2313338999173609
1.244315514067668
1.2574907139852987
1.2734749741321338
1.2913163266393717
1.3141049411806696
1.3349518199899164
1.3502731772424279
1.3609083601068444
1.3731009479765663
1.386081730663054
1.3992212426310386
1.4118162733402673
1.4265439101071447
1.447393471678073
1.4674750185441825
1.489875334401807
1.5064923377567525
1.5198307048050115
1.5312202446899013
1.5426427934714058
1.5528763780560326
1.5620212719597253
1.5770451682834579
1.5898357196873687
1.6076532352409778
1.6251320330480654
1.6406859632086541
1.6547318341829904
1.6625753086318706
1.6682139034535481
1.6708949210456288
1.6777090387820359
1.6888636451789696
1.7017792583766318
1.7188340792551609
1.733672703324562
1.7462716071278619
1.7526784399904278
1.7561919251055562
1.7608609235272434
1.7645190056309787
1.767361906841739
1.7695726210696563
1.7723978853959252
1.7762361905351789
1.7854625519943423
1.7956375011962595
1.8039405255704573
1.8066355161810272
1.8075707505019172
1.8047001392195265
1.801421310548539
1.79980033716987
1.8009655146833599
1.803915105748841
1.8058960791873158
1.8096244371099628
1.813241816910433
1.8177915439115164
1.8228084835627798
1.8252145280839893
1.825822899274995
1.8255993348980244
1.8245187019012743
1.8236243479754575
1.8255317678242793
1.8276476081053392
1.8243605708148363
1.8212910427784936
1.8176326585536333
1.8177669646333905
1.8213644674110143
1.8269950679926856
1.8301365747888554
1.8295145254207235
1.8277786547623844
1.82477121103166
1.8236175049329155
1.8236718379073233
1.8246178590530684
1.8259333828767697
1.8320502520508621
1.8364400338107358
1.840495475289234
1.8460962975505932
1.8487502468740444
1.84762051511655
1.8436987966574809
1.8371948232831872
1.8355949478923246
1.8353909205951207
1.83950336751499
1.8418092438052602
1.8449374604297413
1.8450199391712618
1.8435875301339735
1.83955327245864
1.8311119917448462
1.8237413677418124
1.8144369419139106
1.8096153745471975
1.8338709924928795
1.8398933853930493
1.8302086167005145
1.8157824745728075
1.7959846749122783
1.7781112795028511
1.7527012685230932
1.7786614813530033
1.779650299682239
1.8139916873630275
1.8102369013968309
1.8012959184599326
1.7671648605789869
1.7683196736641971
1.7730411866239391
1.7532754280643101
1.7604712879846642
1.7549016469128946
1.7503137572836318
1.7455231334942283
1.7455943668501401
1.7367985914899937
1.7310719613486556
1.7340853459602328
1.7307958214640704
1.7301146035752351
1.7168750053435036
1.7022734879241945
1.6979416829867771
1.7031340831764266
1.7067292666079654
1.706005799185548
1.7020254797800103
1.6966676432279713
1.6918641627265691
1.6852855541255034
1.6791155298005374
1.6758174724057462
1.6743888457627885
1.672552715798832
1.6691050832407615
1.6613594275295993
1.6533392172366126
1.6460475767394194
1.6403932171536382
1.6360743972146676
1.633989336158022
1.6336780648498173
1.6331500841620141
1.6240249602668853
1.6152515306034461
1.6055642715986993
1.5869420879762706
1.5763026811685934
1.5688803903284165
1.5660109400506359
1.5648204377574115
1.5633592834033363
1.5615222142230709
1.5571564272783673
1.5510647914369171
1.5435502947416435
1.5379220423868012
1.5278610687120642
1.5258250662438102
1.5165183708847982
1.5129538132370932
1.5150416111749645
1.5156807951287008
1.5104888039663058
1.5051814700409607
1.4929546595742913
1.4776862329414129
1.4597769001640855
1.4412635966752536
1.4271908569907144
1.4190577559992212
1.41089244416984
1.4064627972040902
1.4027262654342882
1.3928824614730524
1.3858416266593692
1.3711479732529681
1.3515431902771509
1.3396229758000211
1.3229862299359987
1.3077813632011972
1.3019844707831085
1.3134298433830855
1.3238289742715321
1.3308332552962816
1.3287703885956241
1.3202623460402272
1.3112618058717795
1.2946614362055962
1.2809225170423277
1.26797230900537
1.25604999647293
1.2444832205852838
1.2359375209593209
1.2094137332126167
1.1861750681944565
1.161567008111734
1.1317288531635381
1.0924928559497018
1.0513456483201826
1.0101688514180698
0.97584506058074028
0.94454503258245881
0.9146491481135266
0.88537192786269447
0.85469660695825134
0.822166702735349
0.79461596202372342
0.77128278913952031
0.74363419120146534
0.72806005435853693
0.705931284376646
0.69004738432232149
0.67503806336187766
0.65598078818397865
0.63817910557526114
0.62028828919682466
0.603946462378656
0.5868519289055032
0.57273055318304045
0.55510418466348621
0.53865284170451688
0.518055597674215
0.49659792374413719
0.47841089764193634
0.46520055294765045
0.45465768967494125
0.44794434355262974
0.44248117400360826
0.43318951506914682
0.41741677033848751
0.39767619256099096
0.3809877095304674
0.36776945734840621
0.35960912983833376
0.35088360996394174
0.337727229883935
0.32687533813388325
0.31819753076105883
0.3067117347672797
0.28803351227198587
0.273752899068899
0.24732610399374039
0.22603325614768721
0.21835629916887389
0.21200223524269787
0.21607096079084587
0.20691498659509175
0.19613533927257881
0.18497918894900608
0.1737499868021348
0.16039205107131518
0.1423065336276142
0.12954502127150325
0.10781322033509202
0.087172658469653969
0.0648380511907285
0.0444554901049668
0.023527490161511785
0.00032651331669167685
-0.022665455066455242
-0.0437323290132174
-0.062857144468546844
-0.08554333750687701
-0.10983021984048914
-0.13129562996207142
-0.14748668314507329
-0.16773893791325489
-0.18988268112057424
-0.21522449738607949
-0.24346932842167016
-0.27271526575973609
-0.30536866943428426
-0.33961310890640983
-0.3830536006782464
-0.41996914624014658
-0.45091181449693873
-0.47304832911525052
-0.48992644998008811
-0.50645935142105569
-0.52164386298704479
-0.539361149673022
-0.57197346260418913
-0.61780684806614383
-0.67510454174387513
-0.73658527238734584
-0.80348114225927991
-0.87128277796594988
-0.93712460377523521
-1.0072439423965485
-1.0870681836852414
-1.1707930181652288
-1.2575991018451584
-1.3474683443757762
-1.444277548135821
-1.5352018819227848
-1.619603354709702
-1.691510134882398
-1.7515388032593271
-1.8018306753216828
-1.8453276378475438
-1.8873246402946033
-1.931209352236575
-1.9780980275459412
-2.02375289369332
-2.0658932591685084
-2.1007529192410992
-2.131409662521035
-2.1602363918991911
-2.1900139945041377
-2.2327851429647638
-2.2772582189090795
-2.3388243401010715
-2.395716284646658
-2.4324961386650554
-2.4727507217596014
-2.5144003673810409
-2.56070959594223
-2.5983214626292348
-2.6302374486225752
-2.6587586724344225
-2.6836634997677589
-2.7135426006673793
-2.7341950109077664
-2.7538326792301624
-2.770282061783834
-2.78588737558165
-2.79535748730655
-2.8026876036038315
-2.8152090256777291
-2.8315749220114053
-2.8507776780844258
-2.867954694536377
-2.8875455017391376
-2.8947317506199219
-2.9021563059447377
-2.9087420193509494
-2.9168826474853202
-2.9276591281276416
-2.935192742718967
-2.9477392723964342
-2.9590763757557532
-2.9690975118351215
-2.9775979912437744
-2.9855331084385996
-2.99710783271295
-3.0048365103079036
-3.0132747080344875
-3.0164577853757542
-3.0238433187593468
-3.032191557876867
-3.0429739037327979
-3.0532116627412176
-3.0615567668393893
-3.0706200237495151
-3.0731217504880424
-3.0751411038201923
-3.0749849103058366
-3.0792605945722422
-3.0801893553595172
-3.0845719937035594
-3.091329077295172
-3.0977292905793155
-3.1011836759057543
-3.1066933011314051
-3.1116230189440328
-3.1142494639256344
-3.1142755179780335
-3.115269529967875
-3.1139416080993949
-3.1167720342818597
-3.1202106197396482
-3.1248061986902838
-3.1315130808123661
-3.1397483577983567
-3.1473924748083433
-3.1486734650442552
-3.1556067075088765
-3.1547859753330929
-3.1556314201589055
-3.1516827138102372
-3.14851274689532
-3.147988453095357
-3.1513090655882565
-3.1564190109665335
-3.1566556212178027
-3.1627822185384655
-3.1600083208909981
-3.1599185356537225
-3.1577239771344616
-3.155606193124882
-3.1516552016695316
-3.1451009000240329
-3.1421667976567713
-3.1269429941909626
-3.1087146490330411
-3.0793642558041627
-3.0467995928198479
-3.0284656910776291
-3.0141814694976348
-2.9995475286330318
-2.9713871308788637
-2.9264337321890852
-2.8825073972061874
-2.8421520246001566
-2.8071214420698052
-2.7727391627885543
-2.7406083112575184
-2.709579972039764
-2.6745725742478812
-2.63589497227987
-2.5879947834385435
-2.5327045384460796
-2.4803356291115333
-2.4247483608265097
-2.3745311083512068
-2.3250445732751714
-2.2849533264017809
-2.2442839149815916
-2.2108921246785753
-2.1782627385302678
-2.1439505772374385
-2.1072084019516391
-2.0677342058132124
-2.0255466656131231
-1.9774278325260239
-1.9218693748258
-1.8588060007792941
-1.8007389444034545
-1.7454492591824506
-1.6925875453787385
-1.632538530749476
-1.5726271736022728
-1.5076331853391367
-1.4347790147064521
-1.3631155152315997
-1.2892217872648659
-1.2243380126784775
-1.1606544853331302
-1.1102667172705616
-1.062423282237335
-1.0110066210589463
-0.96116054018387354
-0.904360618363392
-0.85354897335276037
-0.8018557499222948
-0.75332802971196966
-0.70779755020713564
-0.66356950675732562
-0.62864731918606664
-0.59341299058409946
-0.56478136698721138
-0.53549637932674543
-0.50615403429668093
-0.47948079779271047
-0.45235263767242068
-0.42759794589442446
-0.40136457400622649
-0.37974470230760515
-0.35938636125154177
-0.34060356243510276
-0.32570966805767526
-0.30895253546709656
-0.29304960064386892
-0.27641323801318179
-0.25716862550815939
-0.23846766251909218
-0.21837041926328304
-0.20099710622338368
-0.18607845281095756
-0.16916257189748327
-0.15395044648826045
-0.13587693930430012
-0.12163113777954272
-0.11024229514360723
-0.10161234176689417
-0.091990852556058725
-0.079036545009477183
-0.060468673374767884
-0.040070955174511813
-0.024382652760325984
-0.01131924829389294
0.002731557197982095
0.014664324086344611
0.029279607093283842
0.041852377415194042
0.057952186049152379
0.071675470804864166
0.089375488547436127
0.11212759612055281
0.13331010952120997
0.16096815071109721
0.182797024217451
0.20645510532427142
0.22268020681628362
0.24186582108747132
0.26117841291036009
0.27286005560484056
0.29848020223713068
0.3211688699623188
0.35374967602240293
0.38137754534561064
0.41707931799047193
0.4426118237484154
0.46966946652505281
0.50014584902779646
0.52516316737322166
0.546989982018192
0.56138781488586242
0.59006529184607248
0.61650617151682641
0.6514986603588131
0.68244074214400907
0.71115669416481586
0.73557066214210975
0.76320467807004133
0.786578346693024
0.80708963323505378
0.825237649077576
0.84823777137823175
0.8685613328474393
0.88869879965792531
0.91281645958956692
0.94336140653581979
0.97281230288443443
0.99716651794264644
1.021152444901916
1.0447634225877127
1.0704727116321913
1.0916424357007941
1.1173165631595938
1.1446239796207005
1.1701792910991005
1.1959735537971894
1.2234646914005354
1.2554288388794466
1.2819618972476
1.3030539784014057
1.3294558531875491
1.3511724702297523
1.372666759484912
1.3903684281283029
1.4174576965760652
1.4477245646289947
1.4752746932042591
1.5026384830657926
1.5290266822124605
1.5579400574926598
1.5821058819518161
1.6033461937086304
1.626270291353076
1.6526174218922491
1.6786110930133977
1.7069124459330942
1.7296467552507482
1.751991787526233
1.7705133314312913
1.7929740491275874
1.8158125458694174
1.8356205754420005
1.8555048900756543
1.8726976081532984
1.8913281541923364
1.9062405522250696
1.9244589480068748
1.9426450361359857
1.9613464752265044
1.981048815500468
1.9965643924087257
2.0121909186795151
2.0260113852348764
2.0379728294325972
2.0486024845503312
2.0574950423688834
2.066844083512156
2.0749988100520032
2.0844372102814668
2.0963190245964869
2.1078721794922255
2.1189335256009292
2.1255860726259943
2.1298655020111323
2.1302569163170952
2.12760205724261
2.126261151063058
2.1239374511816544
2.1235777295664358
2.1212775561708948
2.1168122215089942
2.1096747381770604
2.0977072629542057
2.0836838929922914
2.0674519609404003
2.0484542351657247
2.0229771462454376
1.9962605342773347
1.9748692407177191
1.954554709837544
1.930162447626707
1.9028726122064268
1.8712403713666304
1.8355141189458772
1.7854163017415008
1.7326706033442243
1.6799978784126546
1.6270081282655193
1.5781519769128471
1.5288543137167125
1.485627080375171
1.4443351254032588
1.39962908391441
1.3521395292604419
1.3036297094560219
1.2579716132159871
1.2112276454304511
1.1681946852891
1.1278955536611439
1.0914885371246081
1.0609411717317079
1.032587318409979
1.0068820280484785
0.97952644968072222
0.95247915532069916
0.9244558560835956
0.896618436519435
0.87032069148792313
0.84272374442931985
0.81633975459159647
0.79243740234936877
0.77055568753982873
0.74701592366183966
0.72468040780407883
0.7039993363539907
0.68557156471259384
0.66650481358007185
0.641575985355031
0.60897655177794174
0.56900556762883392
0.52652656784713192
0.48718469578117896
0.456744171658263
0.43117458464463565
0.40193154510819962
0.36854499803318508
0.32857519588437339
0.28813954081362347
0.23743964316440969
0.19340339945870033
0.15466512451220069
0.11716178173158284
0.0825643778355919
0.039115641615261335
-0.0094461403338999064
-0.0621210924389613
-0.1028704379133373
-0.13971577995369674
-0.17579144382502987
-0.21199038566832612
-0.26835013488989484
-0.32167329013688994
-0.36931567164042295
-0.406069548630416
-0.42566001972319167
-0.44223402901131553
-0.45753687672196014
-0.48841099833233736
-0.55363480846560109
-0.62950031126888373
-0.706553301432414
-0.77552404671460884
-0.82873046510332016
-0.87207735752039583
-0.91408907498555014
-0.96342719999870763
-1.0250428005738432
-1.0924494268325582
-1.1593303360858029
-1.2213480168321775
-1.2774361373433329
-1.3298715429772581
-1.3812588645427255
-1.4243749030267672
-1.4671905591368635
-1.5107816349120382
-1.556261704702137
-1.6012625197734069
-1.6472886718807385
-1.6948016589025776
-1.7405887089923231
-1.7860996202614254
-1.8331275009534378
-1.8809466025147945
-1.9283660424787408
-1.9727532955430134
-2.0235587942070863
-2.0735958940265022
-2.128595491591613
-2.1809183494652995
-2.2404078903596276
-2.2893997855113124
-2.3324207770572984
-2.3651828828223618
-2.4012289990578428
-2.4348258425798464
-2.4705891312473276
-2.5056933652095896
-2.5364386254888696
-2.5634084019845407
-2.5867927526396839
-2.6136445896730041
-2.635462079314411
-2.661317500199035
-2.6931111554472751
-2.7220680502290664
-2.7585807176797008
-2.797625251994023
-2.8363707656824229
-2.8728705628925106
-2.9089380137929077
-2.9418498979115246
-2.9740906713988737
-2.9998426931257525
-3.0142175397582136
-3.026781528881886
-3.0416706941509917
-3.0633142815097587
-3.08808852775017
-3.1131994092229531
-3.1325978453657171
-3.1510574603520904
-3.1723932654650251
-3.1951913625411037
-3.2179071673920991
-3.237477322236809
-3.2623129726086906
-3.2848121251523561
-3.3098877012788095
-3.3303891124754195
-3.3406846573242017
-3.3469565497822815
-3.3493142748770621
-3.354758465898946
-3.3565621594727739
-3.3541905239164942
-3.3468531736050311
-3.3365398036068492
-3.3367581962778927
-3.33761302575924
-3.3397002561859828
-3.3412693292265896
-3.3289873381951409
-3.31553131081031
-3.296102828064789
-3.2734263575066294
-3.2333817350064677
-3.1900740683636339
-3.1453198241761564
-3.092474640793915
-3.0125539989482522
-2.9153651008514081
-2.7997379796372912
-2.67250423900323
-2.5178767688802526
-2.3552557540649723
-2.191627348552565
-2.0280394608356289
-1.8557846034721803
-1.6840593174711287
-1.5178514155928118
-1.3532715765421466
-1.1924350112307054
-1.0444172503502176
-0.9051239472480298
-0.77748279614555771
-0.65898904141309445
-0.54907931192997694
-0.44541915312547092
-0.34767080280385371
-0.26271671396240287
-0.1854663294707331
-0.11612957414797008
-0.057695202052908366
-0.0073339364510541308
0.035303014048250467
0.072116691841577679
0.10295097913812858
0.12539655831086907
0.13510928271660608
0.13745813344657493
0.13087366386057944
0.112820068218215
0.087820207230350708
0.05881074103763817
0.029075880361270817
-0.0061818151251354786
-0.039785737854730135
-0.075454791457248316
-0.10614044119035296
-0.13070210913461774
-0.15794920895997028
-0.18078687252668976
-0.20463383055860912
-0.22167651347893674
-0.2376738656387011
-0.25077914934425583
-0.25325540166099092
-0.25024872406355636
-0.23979277244484795
-0.22451086067213896
-0.20764063246547615
-0.18497553853541324
-0.16210293094691414
-0.13602506556879462
-0.11154148890314276
-0.088904776884696668
-0.065840584557207649
-0.039640719036832417
-0.015943348986840085
0.0072137019692763669
0.029113421977385125
0.047012492106953824
0.063486554958664662
0.071718392289367064
0.077181119750154917
0.077530113944937848
0.0751495550819216
0.069488001042043862
0.062831807122987873
0.056925113711132104
0.051478268997443705
0.046464639904114223
0.039647089569350584
0.031437880120873882
0.02331606852281834
