423895.66860769514 4437987.2499966184
423895.66854144988 4437987.2583382651
423895.66965509224 4437987.2648624182
423895.66874450468 4437987.267390986
423895.66963038669 4437987.257949153
423895.66953097715 4437987.2599150781
423895.66836295841 4437987.2460589744
423895.66769545875 4437987.2586474447
423895.77608173178 4437987.2571589984
423895.66965236649 4437987.2548138117
423895.66980408609 4437987.2594409278
423895.66810895654 4437987.2536241412
423895.66706116439 4437987.2674073987
423895.66834833164 4437987.2572721643
423895.66552926088 4437987.2649104875
423895.7782230337 4437987.252481333
423895.77483050682 4437987.2617611736
423895.66852572246 4437987.261509194
423895.66722279013 4437987.251579985
423895.67024725274 4437987.2533522565
423895.66898176179 4437987.2596954424
423895.66766967811 4437987.2544854144
423895.77613987762 4437987.2585069379
423895.67272092594 4437987.2666241843
423895.6672833591 4437987.264460477
423895.66938451619 4437987.2506036172
423895.66785385419 4437987.2485660156
423895.66715604276 4437987.2539727651
423895.66731643624 4437987.2520657675
423895.77589556406 4437987.255938136
423895.66669084516 4437987.2634209
423895.77521401225 4437987.2615835164
423895.66688252264 4437987.2635060977
423895.77388109016 4437987.250234466
423895.66639853874 4437987.2502007158
423895.77196460136 4437987.2543701893
423895.66519069637 4437987.2583603226
423895.66614104592 4437987.2521566227
423895.6649810177 4437987.2602108428
423895.66442856606 4437987.2582812952
423895.66513389681 4437987.2743564462
423895.66443366173 4437987.2470342061
423895.66775175149 4437987.2490412425
423895.66655732511 4437987.2541827
423895.6649108259 4437987.2570871217
423895.66515132604 4437987.2443577545
423895.66688137472 4437987.2528713616
423895.66753786372 4437987.2485428434
423895.66823759687 4437987.2665811228
423895.66939331015 4437987.2427103082
423895.67244453344 4437987.244568605
423895.66791842319 4437987.2499607578
423895.66723798896 4437987.2517554965
423895.77637018217 4437987.2560643926
423895.66794280009 4437987.2500146041
423895.66884495696 4437987.2460909924
423895.66623923596 4437987.2604573192
423895.66734558827 4437987.2472421015
423895.66859859112 4437987.2497143988
423895.66770679195 4437987.2517859926
423895.66613926232 4437987.2519638687
423895.66834569536 4437987.2639988195
423895.780438741 4437987.2562620807
423895.66763721331 4437987.251851256
423895.66557130282 4437987.2477574591
423895.77651015506 4437987.2505710954
423895.66701689805 4437987.2503929669
423895.77626335842 4437987.2549099494
423895.66778205696 4437987.248464684
423895.66672825319 4437987.2549108285
423895.66539506835 4437987.2566633588
423895.66712086461 4437987.2589041619
423895.66673670651 4437987.2609919691
423895.66910250246 4437987.2651265683
423895.66554220376 4437987.2591585573
423895.77873169078 4437987.2579366779
423895.66568730486 4437987.2512542577
423895.66637953825 4437987.2534530135
423895.66466291971 4437987.2597011933
423895.66503362986 4437987.2483152607
423895.66673127894 4437987.2536227116
423895.77589466458 4437987.2498560008
423895.6639947709 4437987.2548204856
423895.66570874432 4437987.2587565705
423895.66358413035 4437987.2530361339
423895.66343748115 4437987.2610976789
423895.66322602215 4437987.2663955409
423895.66455937934 4437987.2521608984
423895.66491089179 4437987.2520018434
423895.66657039465 4437987.2556806905
423895.66541180952 4437987.24369427
423895.66717818409 4437987.24951691
423895.66736174619 4437987.2514309511
423895.78066650248 4437987.2537413817
423895.77813098219 4437987.2673044372
423895.66915190418 4437987.2452570517
423895.66916254675 4437987.2533238828
423895.67152828939 4437987.24536573
423895.66924677254 4437987.2664866028
423895.66942462535 4437987.2555271443
423895.6689125956 4437987.2500626687
423895.66660513938 4437987.252763846
423895.66808061791 4437987.2473279536
423895.77655301051 4437987.2580167875
423895.66536704457 4437987.2478444595
423895.66713275982 4437987.2480808087
423895.66456003871 4437987.2778961044
423895.66502129787 4437987.2561412621
423895.66493892286 4437987.2565540606
423895.66398990946 4437987.2605038118
423895.66254532745 4437987.2545806523
423895.66235929757 4437987.2729145
423895.66315063392 4437987.2632232876
423895.66197113384 4437987.2559789065
423895.66510215087 4437987.2442445727
423895.66266590991 4437987.255773575
423895.66044537909 4437987.253494367
423895.660362236 4437987.2525191745
423895.66142957559 4437987.2324835379
423895.77003487281 4437987.2599306693
423895.661116414 4437987.2637129016
423895.660814568 4437987.2594552934
423895.7708629985 4437987.2674763119
423895.66292072443 4437987.2547272891
423895.66100390063 4437987.2541747019
423895.66042765387 4437987.2501085661
423895.77381545503 4437987.26053624
423895.66189952771 4437987.2600529464
423895.77170693036 4437987.2510110019
423895.66329585639 4437987.2567533022
423895.77361758315 4437987.2573985048
423895.77308055433 4437987.2695622742
423895.66372456163 4437987.2554946095
423895.66223297868 4437987.2518549692
423895.66411441925 4437987.2692297017
423895.66245925869 4437987.2476202184
423895.77577956824 4437987.2654656433
423895.77246363618 4437987.25739907
423895.66228844546 4437987.2535716854
423895.66491560423 4437987.2669787
423895.66217275924 4437987.2603513105
423895.66461208538 4437987.251892372
423895.6633961316 4437987.2534837751
423895.66110176546 4437987.2533379439
423895.66593584226 4437987.2494149534
423895.77295188373 4437987.2460522642
423895.66101337376 4437987.2471582787
423895.66056396783 4437987.2416770635
423895.66076321376 4437987.2673233636
423895.66150081676 4437987.2534855725
423895.771941538 4437987.2617834359
423895.66147740494 4437987.2514171246
423895.66194894433 4437987.2494903645
423895.66166801937 4437987.2574151028
423895.66084693547 4437987.263316676
423895.66185949143 4437987.2454380291
423895.66148380487 4437987.2533489177
423895.66052471782 4437987.2490747012
423895.662230116 4437987.2636179077
423895.77246410871 4437987.2581795631
423895.66546801018 4437987.24003157
423895.66346105951 4437987.2543635294
423895.66540182359 4437987.2645124719
423895.66636566317 4437987.2490324359
423895.66365887155 4437987.2607588405
423895.66612579592 4437987.2513571708
423895.66522210883 4437987.2630683333
423895.66646918829 4437987.2552768709
423895.66549288336 4437987.255215033
423895.66974472662 4437987.2613671245
423895.77500325325 4437987.2676146487
423895.77373248257 4437987.2558159111
423895.66631757445 4437987.2718301415
423895.6654894962 4437987.24118431
423895.66582576651 4437987.2721184138
423895.67026237817 4437987.2448106976
423895.77469922078 4437987.2549093235
423895.66555779206 4437987.2584186839
423895.66455110972 4437987.2644873662
423895.66505897604 4437987.252213994
423895.66555264464 4437987.2533275681
423895.66541915061 4437987.2486169618
423895.6679683844 4437987.2504601888
423895.66694487655 4437987.253654304
423895.66611619852 4437987.2551087663
423895.665377007 4437987.2484740894
423895.6650896853 4437987.2607418261
423895.66773105349 4437987.2486497452
423895.66635141172 4437987.2605285076
423895.66466667096 4437987.25011354
423895.66466686543 4437987.25470658
423895.66614951141 4437987.2487535384
423895.66513892065 4437987.2580718566
423895.66547050374 4437987.2601016471
423895.66654867452 4437987.26238134
423895.77381353773 4437987.2520628031
423895.66822207469 4437987.260754223
423895.665962186 4437987.272707724
423895.77247067331 4437987.2501322236
423895.77271566616 4437987.2508067293
423895.66765077435 4437987.26352568
423895.66586900968 4437987.258135152
423895.66498842422 4437987.2647219328
423895.66887913906 4437987.2535545286
423895.66700801661 4437987.2670020852
423895.66753838659 4437987.2574784206
423895.66730444104 4437987.2690318078
423895.77312830958 4437987.2629602617
423895.66678278439 4437987.2552811662
423895.77219458111 4437987.2591602635
423895.66675788711 4437987.2773312526
423895.77204025269 4437987.2534111533
423895.66746210732 4437987.2542993855
423895.665815643 4437987.2545437608
423895.66788612405 4437987.2517389851
423895.66607062507 4437987.2538324269
423895.66750884568 4437987.2476339415
423895.66751636233 4437987.25230008
423895.77311272896 4437987.25848928
423895.66934407671 4437987.2502072295
423895.77197898278 4437987.2666633949
423895.66854215181 4437987.2650406221
423895.66911352373 4437987.2592339106
423895.66786346992 4437987.2764907638
423895.67089649959 4437987.2548091235
423895.66877555923 4437987.2577314042
423895.67050566577 4437987.2732027853
423895.67085640482 4437987.2591159586
423895.67311204417 4437987.2490671929
423895.667467303 4437987.2527873777
423895.66695074475 4437987.257163737
423895.66875418334 4437987.2159054717
423895.66721405304 4437987.24808811
423895.6673482678 4437987.2641502051
423895.66840127727 4437987.2522694413
423895.66846960888 4437987.2440262437
423895.66651527974 4437987.252319322
423895.66979070881 4437987.253507345
423895.66544692114 4437987.256265006
423895.66693683254 4437987.2506030928
423895.66692275595 4437987.24798662
423895.66569710465 4437987.2568985429
423895.66975927842 4437987.2551289629
423895.66539904842 4437987.2593854787
423895.66711206606 4437987.2542514428
423895.66694137384 4437987.273751081
423895.66697623918 4437987.249815125
423895.66782018426 4437987.2503623432
423895.66657632112 4437987.2655637935
423895.66740131192 4437987.2607220933
423895.6680580125 4437987.2611810006
423895.77286947722 4437987.2568295095
423895.670712198 4437987.2653405415
423895.77487291826 4437987.2647382217
423895.77292313543 4437987.2492571389
423895.669265626 4437987.2497875253
423895.67232647637 4437987.2632270856
423895.66940838576 4437987.2592904838
423895.7735312928 4437987.2515041037
423895.66912590055 4437987.2613062607
423895.66795319726 4437987.2572691357
423895.66900834814 4437987.2545659039
423895.66746099427 4437987.2692441465
423895.66695763828 4437987.2612990821
423895.66672185215 4437987.26031688
423895.66840804834 4437987.2575768521
423895.76976657141 4437987.2531294385
423895.66605414054 4437987.262693367
423895.66724643623 4437987.2468847949
423895.66791699594 4437987.2541448837
423895.66746366175 4437987.2661554655
423895.66702702019 4437987.24569133
423895.66514413879 4437987.2623991389
423895.66485926864 4437987.2703929143
423895.66903256107 4437987.2626464758
423895.66708758485 4437987.2513529062
423895.66522988945 4437987.2533230009
423895.66636897536 4437987.2530505685
423895.76952092088 4437987.2623899644
423895.66719524452 4437987.2645978462
423895.76976687839 4437987.2540854989
423895.666747701 4437987.2663354967
423895.66774274578 4437987.2624167819
423895.67062510911 4437987.25868009
423895.66776288243 4437987.25894304
423895.66777343419 4437987.2613303615
423895.6668493654 4437987.2555795517
423895.66820805328 4437987.2539042244
423895.77373379451 4437987.2578149065
423895.66973945044 4437987.2721136417
423895.77324318007 4437987.2637974154
423895.667700292 4437987.2661959017
423895.66863866383 4437987.25833276
423895.66623658733 4437987.25041709
423895.667913584 4437987.26060725
423895.66745691875 4437987.26285803
423895.66985123564 4437987.2605714574
423895.66768651013 4437987.2643384673
423895.6655909252 4437987.2526331851
423895.66603733291 4437987.2520359559
423895.66701521666 4437987.252655752
423895.66589777329 4437987.2639070675
423895.66592285357 4437987.2501205634
423895.77143487736 4437987.24774445
423895.66529438284 4437987.2514868528
423895.66688724631 4437987.2395648705
423895.66591637488 4437987.2510318793
423895.77410183009 4437987.2572220005
423895.66577437636 4437987.269542695
423895.6641165429 4437987.2515287735
423895.77228843019 4437987.2566597667
423895.66508858843 4437987.2541364571
423895.66488516942 4437987.2703825133
423895.77341171005 4437987.2548339376
423895.66569523839 4437987.250842602
423895.66622669942 4437987.2588781193
423895.66522703879 4437987.262491351
423895.66610533441 4437987.2565592779
423895.77396458382 4437987.2571720928
423895.66599733947 4437987.259972848
423895.73995168821 4437987.2469957946
423895.66582520149 4437987.2618422806
423895.66571775125 4437987.2413599929
423895.7721448071 4437987.2643586323
423895.66439616284 4437987.2607013294
423895.66482906 4437987.2580095483
423895.66276758065 4437987.2498992775
423895.6638274024 4437987.2651425377
423895.66281675774 4437987.2508847266
423895.76065609825 4437987.2565904623
423895.664475934 4437987.2459958494
423895.66337154648 4437987.2465726621
423895.77233843954 4437987.2644824563
423895.66476065258 4437987.2643090393
423895.66351723153 4437987.2662934549
423895.66460202134 4437987.2447302518
423895.66397153714 4437987.2562847072
423895.66588909435 4437987.2480770657
423895.664700714 4437987.2517416934
423895.66373605072 4437987.2649715543
423895.66315411776 4437987.2472903244
423895.77362401958 4437987.2457860662
423895.66220954136 4437987.249097446
423895.66319725354 4437987.2571564037
423895.77117321262 4437987.2676099809
423895.66186904215 4437987.2418291811
423895.66189740424 4437987.257636074
423895.66390410921 4437987.25977026
423895.66194315476 4437987.2439091457
423895.66248103068 4437987.2499529431
423895.66187796608 4437987.2458284339
423895.66283430083 4437987.2464003768
423895.66169365036 4437987.2521930216
423895.66167206649 4437987.2583625149
423895.6616914167 4437987.2548268475
423895.77234324254 4437987.25934729
423895.77237816 4437987.249530823
423895.66274859954 4437987.2548285862
423895.660553261 4437987.2488481877
423895.659857248 4437987.2628023913
423895.65973976493 4437987.2472617393
423895.66098936705 4437987.2556011323
423895.66057235876 4437987.258324882
423895.7753095802 4437987.2655586442
423895.66213549394 4437987.2598787043
423895.6638623827 4437987.2604537262
423895.66223531472 4437987.2529861582
423895.66211478424 4437987.2628582371
423895.66525213717 4437987.24487973
423895.66328366828 4437987.2567971833
423895.66270791576 4437987.2584961308
423895.77377045341 4437987.25353567
423895.66542515205 4437987.2534020646
423895.664031672 4437987.2577070342
423895.66307033814 4437987.257704475
423895.66545422655 4437987.2662355239
423895.664609802 4437987.26448743
423895.66670047818 4437987.2632956151
423895.6688771192 4437987.2479326539
423895.66646049148 4437987.2592093954
423895.66754817608 4437987.258972968
423895.66836268391 4437987.2549384432
423895.666871022 4437987.25072585
423895.7790048921 4437987.2532767067
423895.66927083273 4437987.2652255083
423895.66866106133 4437987.2611829629
423895.66796929331 4437987.2494187625
423895.66911683191 4437987.2534636855
423895.66569738294 4437987.2573597161
423895.6661890322 4437987.261397263
423895.66760240763 4437987.2304039914
423895.66783593973 4437987.2577724708
423895.66763572244 4437987.2555311108
423895.66733473953 4437987.2474134164
423895.66724033095 4437987.2607205473
423895.6664166043 4437987.2529080352
423895.74601648963 4437987.2547125081
423895.78194708441 4437987.2575194724
423895.66976228211 4437987.2825163873
423895.7801979747 4437987.2495591622
423895.66803625086 4437987.2508990346
423895.778495544 4437987.2613947392
423895.66582635388 4437987.2628017431
423895.6678278016 4437987.2501418917
423895.66744767787 4437987.2516611321
423895.66901468107 4437987.2175428122
423895.66790989717 4437987.2502914295
423895.66925155144 4437987.2634501373
423895.6707403558 4437987.2473434638
423895.78027776215 4437987.2533978047
423895.67275645462 4437987.25662711
423895.66817603016 4437987.2665066281
423895.77987644449 4437987.260704984
423895.66851337347 4437987.2599972729
423895.66789414792 4437987.2615507366
423895.67218198691 4437987.2574078934
423895.77806473343 4437987.2479759688
423895.66838799906 4437987.258822619
423895.666760791 4437987.2493658839
423895.66760102432 4437987.2514130222
423895.66762448463 4437987.2491504811
423895.66794289282 4437987.2489868375
423895.67035824625 4437987.24890508
423895.66806845122 4437987.2467719885
423895.66790153546 4437987.250624408
423895.66829020221 4437987.2505189469
423895.66778365575 4437987.24879764
423895.77902614564 4437987.2628732724
423895.667791703 4437987.2489550607
423895.67176773207 4437987.2506950647
423895.66869076435 4437987.2513869572
423895.66835563979 4437987.2596213315
423895.77804864757 4437987.2536896151
423895.66962662869 4437987.251567252
423895.66861738951 4437987.2438955382
423895.6693114597 4437987.2486209366
423895.67042489426 4437987.25508895
423895.66984529665 4437987.2462137975
423895.67241801508 4437987.2493414832
423895.66664504469 4437987.2498388831
423895.668473096 4437987.2495520236
423895.66612623888 4437987.2399434764
423895.66413459869 4437987.2557898676
423895.66840895213 4437987.2507259892
423895.77425999485 4437987.2511832872
423895.66366346559 4437987.2508567907
423895.66371572285 4437987.248847642
423895.66379088088 4437987.2532889834
423895.66461544507 4437987.2517754426
423895.66522420925 4437987.2463193852
423895.66346076305 4437987.2586197425
423895.65300668107 4437987.25917712
423895.66411969077 4437987.2509272546
423895.66531894309 4437987.2511109561
423895.66892435722 4437987.2552038757
423895.66722389031 4437987.2562801158
423895.77596639947 4437987.2624765206
423895.770761563 4437987.2446188144
423895.66701591521 4437987.2503294582
423895.66745969746 4437987.2551745512
423895.77082431939 4437987.2527431874
423895.665884187 4437987.2529881317
423895.66418307356 4437987.255368189
423895.66552052525 4437987.2530617146
423895.66460221662 4437987.2511923043
423895.66454434121 4437987.2505798237
423895.66611430672 4437987.2510430086
423895.77106533007 4437987.2547345217
423895.664879069 4437987.2411489049
423895.66437538841 4437987.2570154024
423895.66407633666 4437987.2553842
423895.66433986282 4437987.2513049738
423895.66529975319 4437987.2503599981
423895.66569981736 4437987.255454191
423895.66564391757 4437987.2525300561
423895.66639227851 4437987.2516537039
423895.77130694955 4437987.24899067
423895.66539714026 4437987.25198743
423895.6644338661 4437987.2527292185
423895.6640249276 4437987.2545832843
423895.77137432649 4437987.2565221228
423895.76772437763 4437987.253650222
423895.77151914703 4437987.2561232476
423895.66327151214 4437987.25044825
423895.66414739785 4437987.2484938651
423895.66453439795 4437987.253849919
423895.66541211854 4437987.2533416674
423895.66887231579 4437987.2554486105
423895.76911395736 4437987.2530204933
423895.66489072697 4437987.25158838
423895.77126090764 4437987.2552106231
423895.77007012622 4437987.2522638412
423895.6649043989 4437987.2505275784
423895.66567617678 4437987.25355596
423895.66618074477 4437987.2433821745
423895.66394261125 4437987.2517013624
423895.66396253882 4437987.2538235737
423895.6657201199 4437987.2558042249
423895.76935116155 4437987.2537910184
423895.665212512 4437987.2550415527
423895.66706065234 4437987.2487051859
423895.66669639328 4437987.253194944
423895.66879974346 4437987.2711843522
423895.66820384795 4437987.254827138
423895.66963662073 4437987.2578862319
423895.67020330235 4437987.25797121
423895.7775222137 4437987.2463436928
423895.67016026826 4437987.2466114983
423895.77605986118 4437987.250363485
423895.66859224864 4437987.2464638511
423895.77308195888 4437987.2471988536
423895.77485081425 4437987.25166107
423895.66774062871 4437987.25625571
423895.67243981245 4437987.2613270432
423895.77193149459 4437987.2535851588
423895.67138264072 4437987.2539292714
423895.66870353761 4437987.2497039372
423895.67033879139 4437987.24986694
423895.77606061113 4437987.2569245677
423895.67047826463 4437987.255602479
423895.67091136344 4437987.2485714108
423895.67043474677 4437987.2459295094
423895.67030622991 4437987.2458537752
423895.67100234522 4437987.2471181154
423895.67035216081 4437987.2489904761
423895.77325233846 4437987.2593865292
423895.66834488546 4437987.2513511721
423895.77317598549 4437987.2544436464
423895.66897624725 4437987.2558015445
423895.66955640685 4437987.2582777319
423895.67086726171 4437987.2424064931
423895.66825971624 4437987.2445206027
423895.66732363804 4437987.2522559073
423895.77676065039 4437987.2565753423
423895.66838013422 4437987.2553815441
423895.667060156 4437987.2573205093
423895.6670940388 4437987.246433299
423895.768752549 4437987.2573956652
423895.66508834471 4437987.2526051672
423895.66747174162 4437987.25795849
423895.66364320851 4437987.2613919033
423895.7683781223 4437987.25971033
423895.66436204681 4437987.25113593
423895.76911151892 4437987.25314765
423895.66476127837 4437987.2535161506
423895.66541968123 4437987.2588653192
423895.666005845 4437987.2513290159
423895.66398623592 4437987.2577646356
423895.66381725576 4437987.249919978
423895.66404870775 4437987.2481752681
423895.66466403991 4437987.2524496494
423895.66572936351 4437987.2536216285
423895.66621238738 4437987.2487912336
423895.66491768218 4437987.2486558631
423895.66826151829 4437987.2567186467
423895.66656075383 4437987.25570592
423895.6665022347 4437987.2546472633
423895.66652443266 4437987.2598334681
423895.66808841907 4437987.2542348374
423895.666359879 4437987.25292057
423895.665851638 4437987.2552273767
423895.6695151864 4437987.2537010908
423895.66696009337 4437987.2576882429
423895.66983142908 4437987.2519136
423895.66663791711 4437987.255402484
423895.77139230655 4437987.2547411071
423895.66721560678 4437987.2687358
423895.66786895238 4437987.24779466
423895.77385110146 4437987.2532866225
423895.66492328566 4437987.2598228119
423895.67000219185 4437987.2527059522
423895.66541469173 4437987.2503855033
423895.66836903011 4437987.2503177458
423895.66346104973 4437987.2501356862
423895.76999140682 4437987.252533826
423895.66406473593 4437987.2496412322
423895.66314207087 4437987.2436163789
423895.7699346086 4437987.251260329
423895.76842454448 4437987.2518445728
423895.66288052517 4437987.2467914373
423895.66378076264 4437987.2466152636
423895.66897806828 4437987.2482717363
423895.77354615869 4437987.25805884
423895.66697875806 4437987.2509683911
423895.66925610788 4437987.2528797416
423895.6665624989 4437987.2476356216
423895.66572224133 4437987.2511515934
423895.66551318846 4437987.2466434082
423895.66559394903 4437987.2454395834
423895.66561416868 4437987.2522600275
423895.66571396653 4437987.2541265143
423895.66543560347 4437987.2720406856
423895.66455739777 4437987.2421245361
423895.66583601944 4437987.2493083868
423895.66848983691 4437987.2568680318
423895.66873463092 4437987.254744282
