0 423896.16011749353 4438012.9584844746 66.501319042820469
0 423896.1599234133 4438012.958420014 66.500442560023927
0 423896.16004376439 4438012.9582358589 66.500495571991749
0 423896.16009302106 4438012.9581458475 66.500518709927846
0 423896.16012512526 4438012.9580637906 66.500538393686725
0 423896.16015957552 4438012.95798014 66.500600305939187
0 423896.16024255787 4438012.9578033322 66.500675674396049
0 423896.160299209 4438012.9577120766 66.500741927642451
0 423896.16035668663 4438012.9576205453 66.500760709240978
0 423896.16041269747 4438012.9575310647 66.500824241694232
0 423896.16052858596 4438012.9573642127 66.500899992018887
0 423896.16057985078 4438012.9572895989 66.500934648984611
0 423896.16062808421 4438012.9572148239 66.500979026483179
0 423896.16067167337 4438012.957136984 66.500980336838509
0 423896.16073476773 4438012.9569755513 66.501080487674358
0 423896.16077481449 4438012.9568858454 66.50111784748654
0 423896.16082183446 4438012.9567939853 66.5011848268476
0 423896.16087389289 4438012.9567016717 66.501257765181549
0 423896.16098675859 4438012.9565155758 66.501356910503119
0 423896.16105069179 4438012.9564304044 66.5014012638768
0 423896.16112027946 4438012.9563606428 66.501408920933073
0 423896.16095773329 4438012.956313679 66.500538051197282
0 423896.16109645605 4438012.9561735084 66.5005277413282
0 423896.16114907351 4438012.9561117673 66.500564672925336
0 423896.16119504377 4438012.95604263 66.500551864461585
0 423896.16123822494 4438012.9559698617 66.500569247238644
0 423896.16134240688 4438012.95581279 66.500677360462561
0 423896.16140529694 4438012.9557304187 66.500707166837472
0 423896.16147457965 4438012.9556513634 66.500770406218209
0 423896.16154702124 4438012.9555736221 66.500800562914236
0 423896.16168152512 4438012.955429499 66.500826001136716
0 423896.16146993864 4438012.955468867 66.499967459755609
0 423896.16154270986 4438012.95547481 66.499962961990619
0 423896.1616092847 4438012.9554790678 66.499967145340776
0 423896.16174304555 4438012.9554794766 66.500007201202948
0 423896.16180512658 4438012.95546967 66.500053761360661
0 423896.16186962003 4438012.9554566862 66.500071017497689
0 423896.16194708453 4438012.9554440221 66.500128397071848
0 423896.16211045318 4438012.9554147394 66.500197056861225
0 423896.16218971275 4438012.9554073857 66.500247367259277
0 423896.16226904938 4438012.9554045806 66.500260476525469
0 423896.16232801782 4438012.9554082314 66.500230808042232
0 423896.16219909053 4438012.9554483853 66.499349894792829
0 423896.162266678 4438012.9554552166 66.499332261269842
0 423896.16233544954 4438012.9554591794 66.499369598112779
0 423896.16240572027 4438012.9554603016 66.499375573662007
0 423896.16255583306 4438012.9554457255 66.499484113843863
0 423896.162631186 4438012.9554321328 66.499483539792962
0 423896.16271542088 4438012.9554220783 66.499533909426745
0 423896.16271542088 4438012.9554220783 66.499533909426745
0 423896.1629621138 4438012.9554050658 66.499598021912732
0 423896.16304284934 4438012.9554127511 66.499646053033914
0 423896.16312132776 4438012.9554210175 66.499612990724827
0 423896.16319992777 4438012.9554305291 66.49961392422712
0 423896.16335586103 4438012.9554450065 66.499655110994723
0 423896.16343286552 4438012.9554430041 66.499686022235466
0 423896.1635111614 4438012.9554371582 66.499722598669024
0 423896.16359300248 4438012.9554277137 66.499760771324745
0 423896.16377336619 4438012.955398852 66.499843103057259
0 423896.16385651706 4438012.9553890983 66.499865365851122
0 423896.16329539981 4438012.9555243189 66.499183347097969
0 423896.16328165878 4438012.9555502692 66.499200367422517
0 423896.16302535543 4438012.9556337865 66.498357595023677
0 423896.16302408453 4438012.9556634706 66.498393053595763
0 423896.16302997275 4438012.9556885613 66.498398444462211
0 423896.16303621518 4438012.9557128428 66.498439503529127
0 423896.16305040388 4438012.9557501078 66.498554812748452
0 423896.1630571126 4438012.9557601959 66.498602664420829
0 423896.16306368355 4438012.9557721252 66.498690954745925
0 423896.16307732853 4438012.95578619 66.498764297526932
0 423896.16309634858 4438012.9558200128 66.498802343150174
0 423896.16309905646 4438012.9558454044 66.498854203922846
0 423896.16310450708 4438012.9558729148 66.4988647785347
0 423896.16311001196 4438012.9559004577 66.498841055204338
0 423896.16312581982 4438012.95596037 66.498902389386544
0 423896.1631416193 4438012.9559857855 66.498929977050508
0 423896.16315821133 4438012.9560056012 66.498927044265784
0 423896.16317024716 4438012.9560243776 66.4989897584926
0 423896.16319983645 4438012.9560551345 66.4990868809488
0 423896.16319983645 4438012.9560551345 66.4990868809488
0 423896.16321150912 4438012.9560861746 66.4991968779719
0 423896.16321916826 4438012.9561061524 66.49921927572008
0 423896.16266000737 4438012.9562022556 66.497441241197009
0 423896.16266619938 4438012.95622592 66.497497225400068
0 423896.16268282413 4438012.9562474033 66.497518236985016
0 423896.16270294623 4438012.95626425 66.497520204387641
0 423896.16274800349 4438012.9562957371 66.497646466319551
0 423896.16277317016 4438012.9563054824 66.497701416456209
0 423896.16279689479 4438012.9563091267 66.497686760306578
0 423896.16281689756 4438012.9563162355 66.497768687296627
0 423896.16284751025 4438012.956336298 66.497825390475143
0 423896.16284959 4438012.9563466087 66.497842426523718
0 423896.16284881212 4438012.9563630056 66.49793140891056
0 423896.1628575584 4438012.9563808339 66.497947346203247
0 423896.16288286279 4438012.9564120295 66.497955796042717
0 423896.16289913806 4438012.9564265814 66.4980308849633
0 423896.16292500834 4438012.9564372431 66.498109414998652
0 423896.162953713 4438012.95644272 66.498104087426015
0 423896.1629948144 4438012.956461506 66.498257692082518
0 423896.16301445715 4438012.95647216 66.498272791525125
0 423896.16307958425 4438012.9564630743 66.49823439847934
0 423896.16290411621 4438012.9564772313 66.497411708185524
0 423896.16302206 4438012.9564649155 66.497436083649845
0 423896.16308250336 4438012.9564527432 66.497439137926079
0 423896.16314770922 4438012.9564405913 66.497489341778561
0 423896.16322117118 4438012.956425556 66.497568773962939
0 423896.16339084407 4438012.9563784041 66.497548662766889
0 423896.16348357376 4438012.9563550968 66.497644619210092
0 423896.16357600945 4438012.95633062 66.497713612283377
0 423896.16366000508 4438012.9563044915 66.497660000188745
0 423896.16379438294 4438012.9562629946 66.497751824509479
0 423896.1634828659 4438012.9562691022 66.496867129223276
0 423896.16346865369 4438012.9562403811 66.496866716679321
0 423896.16345986916 4438012.9562125225 66.4969366890991
0 423896.1634610052 4438012.95615001 66.497006440759819
0 423896.16347069491 4438012.9561123457 66.4970497506917
0 423896.16348424967 4438012.9560772208 66.497119087132
0 423896.16349847714 4438012.95604588 66.497204266190423
0 423896.16352787527 4438012.9559867978 66.497146001135448
0 423896.16353530862 4438012.9559665788 66.497247403350286
0 423896.1635415887 4438012.95594877 66.497278181379173
0 423896.16329835297 4438012.955944174 66.496337468578943
0 423896.16327143135 4438012.9559061993 66.496451132740887
0 423896.16325815278 4438012.9558799956 66.496443502622867
0 423896.16325381683 4438012.9558483614 66.496466553835532
0 423896.16325647035 4438012.9558181027 66.496501545562325
0 423896.16327916266 4438012.9557621945 66.496612774424449
0 423896.16329501639 4438012.9557331866 66.496599708643288
0 423896.1633101881 4438012.9557125792 66.4966258633214
0 423896.16332089395 4438012.9556990648 66.496676846831107
0 423896.16332445882 4438012.9556725845 66.4965958374812
0 423896.1633202798 4438012.9556620223 66.496673262216135
0 423896.16302658612 4438012.9556749873 66.495827544351712
0 423896.16302078468 4438012.9556512171 66.495823169172027
0 423896.16302314692 4438012.95559868 66.495990461777822
0 423896.16302983 4438012.9555693027 66.496061609159568
0 423896.16303454986 4438012.9555386854 66.496075457126281
0 423896.16304078326 4438012.9555160366 66.49612540219907
0 423896.16305654118 4438012.9554911936 66.496184089202316
0 423896.16306058475 4438012.9554833211 66.4961674105782
0 423896.16306285781 4438012.9554793006 66.4962164351911
0 423896.16305076022 4438012.9554789858 66.496226966424715
0 423896.16303147312 4438012.9554631868 66.496210905921629
0 423896.16302082449 4438012.955450695 66.496275204796547
0 423896.16302008444 4438012.9554324644 66.496343746311908
0 423896.16271175584 4438012.9554325519 66.49549973159408
0 423896.16273600393 4438012.955387325 66.49563244882269
0 423896.16274632677 4438012.9553683624 66.495652203383685
0 423896.16274980077 4438012.9553513965 66.495642056752345
0 423896.16274980077 4438012.9553513965 66.495642056752345
0 423896.16276889376 4438012.9553211527 66.495717152959941
0 423896.16282316187 4438012.9553096732 66.495727952259841
0 423896.16287651414 4438012.9552965881 66.49578117265122
0 423896.16293579637 4438012.9552776758 66.495821489867353
0 423896.16305565607 4438012.9552243613 66.495874030324146
0 423896.16310780955 4438012.9551981483 66.496038727068736
0 423896.16316270595 4438012.9551713765 66.496093090708158
0 423896.16321954853 4438012.9551463025 66.496073781487738
0 423896.16332285613 4438012.9551181234 66.496189106284788
0 423896.16337701707 4438012.955105369 66.496137049595092
0 423896.16343534057 4438012.9550956935 66.4961321904414
0 423896.16348425369 4438012.9550923919 66.49618447409334
0 423896.1633669344 4438012.9550498473 66.495314150096092
0 423896.16343205038 4438012.9550261 66.495342767682
0 423896.16349993995 4438012.9550016876 66.495410632263187
0 423896.16356472776 4438012.9549743189 66.495483199645449
0 423896.16362398554 4438012.9549464155 66.49548929810959
0 423896.16371972015 4438012.9549087621 66.495608578060327
0 423896.16376684763 4438012.954893236 66.495596702081329
0 423896.16381638241 4438012.9548823833 66.495566924709678
0 423896.16391774669 4438012.9548682133 66.495634318764274
0 423896.16363695497 4438012.9548598537 66.494753536918822
0 423896.16365144175 4438012.9548296826 66.4948082471118
0 423896.16367354878 4438012.9547969941 66.49485106465049
0 423896.16371261631 4438012.9547178056 66.494914556594324
0 423896.1637247472 4438012.954679003 66.494951807586915
0 423896.16373361077 4438012.9546432765 66.4950326711358
0 423896.16373870056 4438012.95460753 66.4950432652042
0 423896.16374489368 4438012.9545493452 66.495067146638533
0 423896.16375111206 4438012.9545230195 66.495106399967611
0 423896.16375927028 4438012.95449422 66.495071456410969
0 423896.16377122834 4438012.9544678368 66.49510537674098
0 423896.16349987959 4438012.9544247678 66.494325786775192
0 423896.16323534731 4438012.9544224665 66.49354751485599
0 423896.16327030986 4438012.9543916825 66.493637364321131
0 423896.16329564288 4438012.9543633694 66.493682252482216
0 423896.16332638363 4438012.9543094 66.493737725393
0 423896.16333213396 4438012.9542881725 66.4937929665717
0 423896.16333302076 4438012.9542676033 66.493847808731019
0 423896.16333510773 4438012.95424651 66.493829143307352
0 423896.16335493524 4438012.9542108364 66.493942577929758
0 423896.1633797824 4438012.9541876772 66.493936195155783
0 423896.163409231 4438012.9541637441 66.493955878933676
0 423896.163442352 4438012.9541409081 66.494048219889478
0 423896.16351039417 4438012.9540879549 66.494111371050352
0 423896.16354280745 4438012.9540650956 66.494159848591735
0 423896.16356678243 4438012.9540456468 66.494209455625381
0 423896.16358237248 4438012.9540255079 66.494249341948873
0 423896.16359786555 4438012.9539873181 66.494289825428936
0 423896.16361080948 4438012.9539707992 66.4943660763165
0 423896.16363034828 4438012.9539489988 66.494389617493
0 423896.16334606463 4438012.9539457913 66.493544795807949
0 423896.1633987347 4438012.9539037142 66.49371475235499
0 423896.1634263696 4438012.9538766677 66.493712901178867
0 423896.16345925431 4438012.9538546586 66.493764071702884
0 423896.16349138989 4438012.9538386976 66.4938487053667
0 423896.16353170824 4438012.9538075784 66.493849501063039
0 423896.16353884846 4438012.9537962843 66.49391362719048
0 423896.16354613041 4438012.9537858525 66.493976955652
0 423896.16354963923 4438012.9537695553 66.49398806376341
0 423896.16355638381 4438012.9537298335 66.494085974377171
0 423896.16360277263 4438012.9537216509 66.494143882002277
0 423896.16365371412 4438012.9537085649 66.4941544956986
0 423896.16370536579 4438012.9536975417 66.494177855026
0 423896.16381575284 4438012.9536885312 66.4942914174533
0 423896.16387207771 4438012.9536857456 66.494259611097817
0 423896.16392207739 4438012.9536879342 66.494265488035
0 423896.16396297427 4438012.9536948465 66.494330371433676
0 423896.16404058842 4438012.9536959315 66.4942861417
0 423896.1640687465 4438012.95369331 66.494331110370254
0 423896.16410299024 4438012.9536884539 66.494397979229262
0 423896.1641473897 4438012.9536760254 66.494396146919058
0 423896.16395106225 4438012.9536733087 66.493652003779573
0 423896.16400390578 4438012.9536644714 66.493691993340931
0 423896.16406114178 4438012.95365638 66.493658205707277
0 423896.16411754268 4438012.9536524527 66.493623007978869
0 423896.16416676377 4438012.9536549626 66.4936596771794
0 423896.16426704172 4438012.9536635792 66.493577428465
0 423896.16431084811 4438012.9536678232 66.4935630464478
0 423896.16434816655 4438012.9536722274 66.493620427169546
0 423896.16442521953 4438012.953661547 66.493567042674485
0 423896.16410958616 4438012.9536863742 66.49283940883663
0 423896.16409734363 4438012.9536857195 66.492923689195223
0 423896.16408492357 4438012.9536828175 66.492969636972958
5 423896.16378053155 4438012.9537192881 66.492209325370752
6 423896.16377398471 4438012.9537342628 66.492315136789117
48 423896.16377157706 4438012.9537494807 66.492293077328924
48 423896.16376683651 4438012.9537645234 66.492259836706651
124 423896.1637373066 4438012.9537996873 66.49239810831638
124 423896.16372587194 4438012.9538088739 66.492379416803232
256 423896.16371364449 4438012.9538127538 66.492422646109119
256 423896.16338372725 4438012.9538438153 66.491650463579319
400 423896.16337152926 4438012.9538365472 66.491774551412234
400 423896.16336517478 4438012.9538310971 66.491801989954027
472 423896.16336310207 4438012.9538333323 66.491867090404369
472 423896.16336748184 4438012.9538415316 66.4919553974387
536 423896.16336965689 4438012.953865163 66.4919151785547
536 423896.16336146253 4438012.9538862323 66.492004120159265
640 423896.16335848509 4438012.9539068211 66.492020437807113
640 423896.16335573961 4438012.9539235514 66.491989862227044
728 423896.16333339666 4438012.95395007 66.4921375124104
728 423896.16332695528 4438012.9539580429 66.492201678545754
812 423896.16331872734 4438012.9539605938 66.492229472866413
812 423896.16331009637 4438012.9539624769 66.49228930777889
892 423896.16328348266 4438012.9539716309 66.492440731000514
892 423896.16326877696 4438012.953975969 66.492422735639579
972 423896.16325326555 4438012.95398692 66.492444932364563
972 423896.16324260313 4438012.9540034328 66.492510130768721
1048 423896.16322686127 4438012.9540249212 66.492509749768573
1048 423896.16321769514 4438012.9540326921 66.492554188298257
1120 423896.16321808519 4438012.95403913 66.4926189250062
1120 423896.16322291247 4438012.9540395709 66.492654947528
1196 423896.16290188266 4438012.9540490126 66.491954525028277
1196 423896.162902738 4438012.9540462615 66.492050741439911
1272 423896.16290359234 4438012.9540436529 66.492057054449859
1272 423896.16289615963 4438012.9540474834 66.49208579049612
1344 423896.1628745721 4438012.9540772354 66.492201473019691
1344 423896.16286792903 4438012.954094437 66.4921796934249
1416 423896.16286644037 4438012.9541150462 66.492235865545538
1416 423896.16287361056 4438012.9541361658 66.492284031732993
1480 423896.16290043952 4438012.9541633138 66.492336327003713
1480 423896.16295611364 4438012.95416612 66.4923834092304
1544 423896.16301058437 4438012.9541676231 66.492440669597258
1544 423896.16306408006 4438012.9541659011 66.49244275127019
1612 423896.16313923988 4438012.9541640952 66.492479885288333
1612 423896.1631738398 4438012.9541660883 66.492475035282624
1676 423896.16320811026 4438012.9541670252 66.492433428104988
1676 423896.16324149881 4438012.954171 66.492446351171353
1744 423896.16331415635 4438012.9541752385 66.492460276423131
1744 423896.16336086695 4438012.9541714573 66.492457137617151
1824 423896.16341213306 4438012.9541682145 66.492464592985669
1824 423896.16318277386 4438012.954196387 66.491702465644792
1944 423896.16328205785 4438012.9541880023 66.491669026274863
1944 423896.163323674 4438012.9541896116 66.491730857251412
2096 423896.16335779242 4438012.9541914957 66.491734174377541
2096 423896.16308873927 4438012.9542208062 66.490901631597637
2236 423896.16312520858 4438012.9542343132 66.490971690266463
2236 423896.16314399824 4438012.9542382229 66.490968689341628
2368 423896.16316321387 4438012.954241409 66.491013351614384
2368 423896.16318927158 4438012.9542434746 66.491043461074653
2504 423896.16326681338 4438012.9542412776 66.491104748554889
2504 423896.16294229828 4438012.9542606529 66.490345526733478
2624 423896.16291596834 4438012.954254983 66.4903821376166
2624 423896.16289185075 4438012.9542505117 66.490441207683816
2744 423896.162837591 4438012.9542451873 66.490470511560588
2744 423896.16279777687 4438012.9542413205 66.490525261023762
2844 423896.16275232617 4438012.9542364459 66.49055255168706
2844 423896.1627036038 4438012.954231347 66.490588275629065
2948 423896.16262129386 4438012.9542130018 66.490680176096461
2948 423896.16259443574 4438012.954203004 66.4907395935381
3036 423896.16256957577 4438012.9541926011 66.490801192121552
3036 423896.16223923728 4438012.9542067079 66.49003007573981
3052 423896.16220075771 4438012.9541969644 66.49013458077917
3052 423896.16217805858 4438012.9541955572 66.4901449813147
3052 423896.1621480335 4438012.9541980624 66.490210288332875
3048 423896.16211302404 4438012.9542024853 66.490222892118453
3044 423896.16203080711 4438012.9542112593 66.49030232365358
3044 423896.16199200012 4438012.9542125659 66.490340791930947
3040 423896.16195703839 4438012.9542104015 66.490363680513454
3040 423896.16192930815 4438012.9542068886 66.490456415198977
3032 423896.161898814 4438012.9541967008 66.4905329466502
3032 423896.16188958776 4438012.9541945485 66.490603935575649
3028 423896.16188047052 4438012.9541966254 66.490635454921417
3028 423896.16186701955 4438012.9542041067 66.490654096697156
3024 423896.16182946344 4438012.9542309912 66.490706821602359
3024 423896.16180379048 4438012.9542456493 66.490735094642233
3012 423896.16177658696 4438012.9542566156 66.490747438115051
3012 423896.16174788307 4438012.9542630743 66.490768656973344
2960 423896.16168564709 4438012.9542635744 66.490890421096864
2960 423896.16168564709 4438012.9542635744 66.490890421096864
2876 423896.16164093569 4438012.954252745 66.491016939340653
2876 423896.1616216235 4438012.954249613 66.491048215572917
2776 423896.16129437141 4438012.9542804034 66.490304004998521
2776 423896.16128182824 4438012.9542872692 66.490320083324193
2668 423896.16126300243 4438012.9542971179 66.490343688200454
2668 423896.16124592273 4438012.9543100335 66.490350504062192
2552 423896.16120447539 4438012.9543273449 66.4903404106675
2552 423896.16117705865 4438012.95432787 66.490386179720986
2428 423896.16114621231 4438012.9543224107 66.49039768818065
2428 423896.16112071549 4438012.9543133881 66.490447729308443
2280 423896.1610900276 4438012.9542913185 66.490505708406076
2280 423896.16111523635 4438012.9542855909 66.4905334294733
2164 423896.16113399749 4438012.9542844975 66.490564175498434
2164 423896.16115388524 4438012.954288573 66.49054374089674
2024 423896.16119530663 4438012.954314759 66.49050994409221
2024 423896.1609178228 4438012.9543432882 66.489672954497536
1924 423896.16093762644 4438012.9543489851 66.489714101037492
1924 423896.16096198722 4438012.9543498373 66.489735735802327
1796 423896.16100889677 4438012.9543362167 66.489815811691955
1796 423896.16103208752 4438012.9543218995 66.489864507787388
1676 423896.16105768562 4438012.95430631 66.48990071382093
1676 423896.16107808857 4438012.9542932278 66.489947525018039
1564 423896.16084158979 4438012.9542990876 66.489204574294035
1564 423896.16086078947 4438012.9542980045 66.489225522473163
1436 423896.16087986057 4438012.9543004036 66.489213526758675
1436 423896.16090551642 4438012.95430562 66.48922477358127
1324 423896.1609598457 4438012.9543130081 66.489232748749956
1324 423896.16098881821 4438012.954310731 66.489269142363128
1204 423896.1610213379 4438012.9543040106 66.489322259922261
1204 423896.16105320584 4438012.9542919751 66.48933947985698
1100 423896.16112253838 4438012.9542631526 66.489428860647081
1100 423896.16115359793 4438012.9542506235 66.4894458272363
996 423896.16118108178 4438012.95424078 66.489490554967091
996 423896.16120489629 4438012.95423443 66.489507605038625
888 423896.16125326871 4438012.95423025 66.489515728009323
888 423896.16087168612 4438012.9542591758 66.488766375462745
744 423896.16086224274 4438012.9542583479 66.488793086556541
744 423896.16085502988 4438012.9542550761 66.4888320125985
596 423896.16085170949 4438012.9542397084 66.488936604710418
596 423896.1608439727 4438012.9542275686 66.489000231390975
500 423896.16083366849 4438012.9542136472 66.4890444449762
500 423896.16058138764 4438012.9542235807 66.488306499349164
448 423896.16055870376 4438012.9542023158 66.488401034043548
448 423896.1605436473 4438012.9541965583 66.4884376046406
380 423896.1605338144 4438012.9541927315 66.48848489069546
380 423896.1605244042 4438012.9541876037 66.488500640300032
304 423896.16051392892 4438012.954179747 66.488615783725209
304 423896.16051571688 4438012.9541725228 66.488634022715416
236 423896.16052248323 4438012.9541647276 66.488713547457564
236 423896.16053252772 4438012.954155365 66.488761971252984
196 423896.16053954331 4438012.9541311795 66.4888696146641
196 423896.16053077229 4438012.9541163547 66.488896622429124
160 423896.16051348485 4438012.9540980477 66.48889546735586
160 423896.16049701412 4438012.9540786855 66.488969313102587
128 423896.16046725214 4438012.9540287312 66.48899694970298
128 423896.16044693673 4438012.9540012069 66.489046527761246
108 423896.16043651616 4438012.9539636457 66.489076671801584
108 423896.16043226473 4438012.9539141972 66.489067661879929
88 423896.16043958848 4438012.9537805831 66.4891379075297
88 423896.16044664243 4438012.9536959445 66.489122088135332
80 423896.160453135 4438012.95359895 66.489155162929777
80 423896.16045951046 4438012.9534889758 66.4891747344912
72 423896.16013999627 4438012.9532473739 66.488375880695372
72 423896.16013081814 4438012.9530934086 66.488379542497711
60 423896.16012239951 4438012.9529236788 66.4883717761426
60 423896.16011392779 4438012.9527379675 66.4884005460539
56 423896.1601148991 4438012.9523152253 66.488439809479118
56 423896.15984296188 4438012.9522632761 66.488035652030348
56 423896.15987281804 4438012.9521089848 66.488080212040842
48 423896.15990525711 4438012.9519398622 66.488125179127437
44 423896.15995724424 4438012.9515633238 66.4882207615748
44 423896.15998057183 4438012.9513557637 66.488245363318811
40 423896.15999589121 4438012.9511341294 66.4882941963279
40 423896.16000520706 4438012.9508975185 66.488328396748742
36 423896.16002476204 4438012.950371448 66.488423788427838
36 423896.16006587486 4438012.9500788413 66.488464222809412
32 423896.16011217795 4438012.9497663714 66.488515266039187
32 423896.16016324 4438012.9494326226 66.4885380675348
32 423896.16028469388 4438012.9487037379 66.488643838480286
32 423896.16034796758 4438012.9483076222 66.488652874303867
28 423896.160406962 4438012.9478893187 66.48870847114398
28 423896.16045399697 4438012.9474473521 66.488711548157411
24 423896.16027427517 4438012.9465229511 66.487955741398082
24 423896.16032063897 4438012.9459967492 66.487982537565557
20 423896.1603620539 4438012.9454369079 66.487987239934256
20 423896.16040246887 4438012.9448414277 66.488016301201171
20 423896.16051218478 4438012.9435404046 66.488097547531041
20 423896.1605822753 4438012.9428329952 66.488118267514281
16 423896.16065892874 4438012.9420889327 66.488146196278
16 423896.16073699843 4438012.9413133776 66.488199323613927
12 423896.160879394 4438012.9396555126 66.488175959391867
12 423896.16062997567 4438012.9388080686 66.4874528735605
12 423896.160670987 4438012.9378825109 66.487463897061048
12 423896.16070245724 4438012.9369141152 66.487441087098148
8 423896.16075655923 4438012.9348433474 66.487512983309671
8 423896.16078305338 4438012.9337311983 66.487514030883062
8 423896.16081555875 4438012.9325674959 66.487584545817768
8 423896.16085181019 4438012.9313514819 66.487648277256184
8 423896.16094517289 4438012.9287662134 66.4877081854925
8 423896.16094517289 4438012.9287662134 66.4877081854925
8 423896.16105526988 4438012.9259828944 66.487724771227079
8 423896.16110765521 4438012.9245116226 66.487741086636035
8 423896.16086863226 4438012.9215492457 66.48698998732921
8 423896.160911238 4438012.9199264757 66.486993335223588
8 423896.16096305544 4438012.9182359241 66.487031963167325
8 423896.16101758432 4438012.9164737137 66.487003362079051
4 423896.16113855049 4438012.9127390087 66.487137066626985
4 423896.16119552212 4438012.9106997037 66.487104456010712
4 423896.16125381039 4438012.90859613 66.487123092593123
4 423896.16132089717 4438012.9064298654 66.487174764586882
4 423896.16145013261 4438012.9019005029 66.487129326812024
4 423896.16151964676 4438012.8995364476 66.48713032403235
4 423896.16158929112 4438012.8970987117 66.487064149598126
4 423896.16165448667 4438012.8945859447 66.4870723135407
4 423896.16178616654 4438012.8893174436 66.487008487661356
4 423896.16185582231 4438012.8865615893 66.487063174458683
4 423896.16193010058 4438012.8837226061 66.487099141130713
4 423896.16200375411 4438012.8808031147 66.48707197898807
4 423896.16215444839 4438012.8747367179 66.487173300254028
4 423896.16193738359 4438012.8717738949 66.486654921752589
4 423896.16202032339 4438012.86863225 66.486776688191952
4 423896.16210361826 4438012.8654084876 66.486751445630276
4 423896.16223998129 4438012.8587152157 66.486863175392017
4 423896.16195612191 4438012.8548266022 66.485700640119688
4 423896.16203540994 4438012.8511105226 66.485779623691073
4 423896.16211516486 4438012.8473003376 66.485869562501378
4 423896.16227423772 4438012.8393918993 66.485994137840535
4 423896.16235065792 4438012.8352984525 66.486075636356844
4 423896.16242824274 4438012.83111367 66.486086354353134
4 423896.16242824274 4438012.83111367 66.486086354353134
4 423896.162665976 4438012.8180254782 66.486272956922619
4 423896.162765444 4438012.8134805327 66.486345109366923
4 423896.16286893503 4438012.8088396844 66.486360561943769
4 423896.16297677462 4438012.8041003095 66.4863763530562
4 423896.163206309 4438012.7943057343 66.486505166429183
4 423896.16332330473 4438012.789252813 66.486550131336017
0 423896.16344904737 4438012.7841017134 66.486722921791184
0 423896.16357612528 4438012.7788468814 66.486762567157683
0 423896.16382602608 4438012.7680398943 66.486954269779957
0 423896.16394447634 4438012.7624898842 66.4870109564513
0 423896.16405965987 4438012.7568461485 66.487074603868066
0 423896.16417807341 4438012.75110651 66.487139064902649
0 423896.164140424 4438012.7395425225 66.486658636970716
0 423896.16427168925 4438012.7335365368 66.486722874023528
0 423896.1644090077 4438012.72742915 66.486789611582779
0 423896.16455437616 4438012.7212199867 66.486915913259367
0 423896.16486268479 4438012.708507821 66.487111744889376
0 423896.16501297662 4438012.7020044327 66.48723945998313
0 423896.16515928344 4438012.6954093482 66.487356090996116
0 423896.1652954155 4438012.6887250207 66.48743465327675
0 423896.16555622319 4438012.6750742355 66.487657011276
0 423896.16569132119 4438012.6681118431 66.48773993663734
0 423896.16555158794 4438012.6609186791 66.4868655218099
0 423896.16570364824 4438012.6536557134 66.486969989864619
0 423896.16603259917 4438012.6388470642 66.487276679090712
0 423896.16620154423 4438012.6312987925 66.48740030775997
0 423896.16638043756 4438012.6236622967 66.487580253539392
0 423896.16656746791 4438012.6159331873 66.487704288846246
0 423896.16691863997 4438012.60021299 66.488007736037176
0 423896.1670823801 4438012.5921598561 66.488072264068393
0 423896.16724368237 4438012.5840209043 66.48817549147374
0 423896.16740960971 4438012.5757969618 66.488290822049663
0 423896.1674566709 4438012.5588835375 66.487766636579735
0 423896.16763074324 4438012.55044636 66.48788850610562
0 423896.16781471507 4438012.5419209236 66.488013231950333
0 423896.168008423 4438012.5333124911 66.488145199222274
0 423896.168404533 4438012.5158260753 66.488341451512014
0 423896.16860141559 4438012.5069551747 66.488474317423979
0 423896.16851987567 4438012.4982287316 66.488450674993828
0 423896.16872187011 4438012.4893674608 66.488528807337275
0 423896.16912770021 4438012.4714039313 66.488759261044763
0 423896.16932909662 4438012.4622943942 66.488858850504329
0 423896.16954158689 4438012.4531058837 66.489075959845721
0 423896.169760985 4438012.443836391 66.489202574541835
0 423896.17021047353 4438012.42503554 66.48947789967184
0 423896.1704446309 4438012.4155076127 66.489605903769345
0 423896.17068212054 4438012.4059006795 66.489766454214234
0 423896.17091942445 4438012.3962072376 66.489902677964778
0 423896.17139775946 4438012.376598415 66.490156034949749
0 423896.17162564961 4438012.3666809238 66.49028667735071
0 423896.17184907204 4438012.3566838223 66.490423137668216
0 423896.17207356438 4438012.3466097973 66.490550313463146
0 423896.17224309593 4438012.3260795856 66.490096419569568
0 423896.17246582365 4438012.3156878436 66.490263983021677
0 423896.17269131425 4438012.3052171627 66.4904646681192
0 423896.17292043188 4438012.2946685627 66.490619862973034
0 423896.1734004051 4438012.273351335 66.490965940299546
0 423896.17363622511 4438012.2625840213 66.4911286213419
0 423896.17387232394 4438012.251749306 66.49134480709921
0 423896.17410323379 4438012.2408381216 66.491494381247207
0 423896.17453692708 4438012.2188020563 66.491833319184408
0 423896.17474468041 4438012.207669355 66.492010120198842
0 423896.17494611582 4438012.1965316031 66.492209533755727
0 423896.17515242239 4438012.1853147084 66.492410933776242
0 423896.17558275862 4438012.1626461828 66.492813200515528
0 423896.17580465681 4438012.151198322 66.493028212516933
0 423896.17603344197 4438012.1396808783 66.49325773770201
0 423896.17626448482 4438012.1280949544 66.493436175795082
0 423896.17670915381 4438012.10472489 66.493799830825552
0 423896.17670915381 4438012.10472489 66.493799830825552
0 423896.17711945268 4438012.0810540356 66.49417115111234
0 423896.17699710431 4438012.0691920165 66.493623427134537
0 423896.17740401381 4438012.0451883189 66.493959246807023
0 423896.177606885 4438012.0330684222 66.494121056828774
0 423896.1778116058 4438012.0208752239 66.494341609646412
0 423896.17802375148 4438012.0086017428 66.4944951392881
0 423896.17844145 4438011.9838558277 66.494791240764926
0 423896.17864769889 4438011.9713795567 66.494897184743891
0 423896.17883939878 4438011.9587187888 66.494997600249079
0 423896.17902895069 4438011.94598488 66.495137811848139
0 423896.17939696653 4438011.9203052483 66.495277601146483
0 423896.17933687166 4438011.9072013879 66.494389843875368
0 423896.17954804096 4438011.8940264368 66.494549578043944
0 423896.17975921487 4438011.8807757441 66.494650276524325
0 423896.18019311328 4438011.854046056 66.49489180108425
0 423896.18040547386 4438011.8405751018 66.494990762144212
0 423896.18061564118 4438011.8270224258 66.49512744290729
0 423896.18082469923 4438011.8133998066 66.495166997800851
0 423896.18125140195 4438011.7859133212 66.49532057042137
0 423896.18121450947 4438011.7721319254 66.494782189831653
0 423896.18146147946 4438011.7582240226 66.494862989225055
0 423896.18172030727 4438011.7442408074 66.494878346355165
0 423896.18198824336 4438011.715992284 66.494093950289582
0 423896.18227888946 4438011.701763452 66.494103272359965
0 423896.18256160477 4438011.6874790629 66.494179174565
0 423896.18283956748 4438011.6731239548 66.494239910566591
0 423896.18341557839 4438011.6442370294 66.494314354488267
0 423896.183716684 4438011.6296913605 66.494303327906124
0 423896.18401826883 4438011.61507097 66.494252583670544
0 423896.18431663781 4438011.600375629 66.494189948967815
0 423896.1849268204 4438011.5707694534 66.4941035337637
0 423896.1852298443 4438011.5558692375 66.494076914123141
0 423896.18553531443 4438011.5408846149 66.494075371700717
0 423896.18583937659 4438011.5258355336 66.494005028661718
0 423896.18642138992 4438011.4955346631 66.494011865027389
0 423896.18669604696 4438011.4802806564 66.493988440474126
0 423896.18696685095 4438011.4649602054 66.494062991350646
0 423896.18722973776 4438011.4495695746 66.494022582132246
0 423896.18774152664 4438011.4186071325 66.4939595538301
0 423896.18799221562 4438011.4030255694 66.493913930071557
0 423896.18824840867 4438011.3873799089 66.493881648957014
0 423896.18851007923 4438011.3716563955 66.493886387753136
0 423896.18906250485 4438011.3400232429 66.493879216182833
0 423896.1887998053 4438011.3238606155 66.493138410394351
0 423896.18907471379 4438011.3078003088 66.493171887760269
0 423896.18935204949 4438011.29168275 66.493200802186678
0 423896.1898851057 4438011.2592950966 66.493393322724827
0 423896.19014326954 4438011.24302035 66.493423054025584
0 423896.19039643824 4438011.226693931 66.493491402904468
0 423896.19064635353 4438011.2103090007 66.493513541674474
0 423896.19114592049 4438011.17736741 66.49378183146149
0 423896.191377396 4438011.1609149836 66.493871889297154
0 423896.19160723168 4438011.1444012187 66.4939845096876
0 423896.19183192577 4438011.1278321976 66.49408281092046
0 423896.1922849167 4438011.0945346514 66.4943754297257
0 423896.19251441583 4438011.07781171 66.494535746166321
0 423896.19274360419 4438011.0610486278 66.494670005334939
0 423896.1929717267 4438011.0442264574 66.494795797858572
0 423896.19341513206 4438011.010423352 66.495071894983965
0 423896.19362690672 4438010.9934096131 66.495167529921858
0 423896.19385198568 4438010.9763309583 66.495306034810909
0 423896.19408278563 4438010.9592077378 66.495424196642148
0 423896.1940939714 4438010.92480194 66.4948747081317
0 423896.19426631776 4438010.9075376242 66.494991163502434
0 423896.19443246967 4438010.8902223241 66.495101346829983
0 423896.19459037413 4438010.8728582114 66.495147434714141
0 423896.19490164029 4438010.837998379 66.495289085733987
0 423896.1950504182 4438010.8204976171 66.495361895195543
0 423896.1952004169 4438010.8029492367 66.4954324666963
0 423896.19534806476 4438010.7853457713 66.495495985882457
0 423896.19541087939 4438010.7498709615 66.49486864951129
0 423896.19559538539 4438010.73207006 66.494952989805583
0 423896.19579132553 4438010.7142231353 66.495013812516831
0 423896.19617420027 4438010.6960755894 66.494112832362035
0 423896.19705056486 4438010.6599192312 66.494303068585225
0 423896.19747892028 4438010.6417827355 66.494419354231923
0 423896.19790566765 4438010.6236008918 66.4945026638968
0 423896.19832937885 4438010.6053722054 66.494524828044746
0 423896.19914758235 4438010.5687805973 66.494761674371617
0 423896.19955055043 4438010.5504168142 66.494843319965511
0 423896.19995670021 4438010.5320007065 66.494982581028168
0 423896.20037177036 4438010.5135488035 66.495078655486765
0 423896.20069351094 4438010.47631461 66.4945337699312
0 423896.20106541249 4438010.4577521533 66.494620749952389
0 423896.20143264416 4438010.4391588327 66.494658385734084
0 423896.20178984135 4438010.42052255 66.494724759239432
0 423896.20235440263 4438010.3832855066 66.494740368548548
0 423896.20279769972 4438010.3643703861 66.494831864262181
0 423896.20312603773 4438010.34556079 66.4948493396675
0 423896.20344766986 4438010.326703419 66.4948785224923
0 423896.20409789047 4438010.2888350608 66.495029279553236
0 423896.20442692796 4438010.2698413478 66.4950783286389
0 423896.20475346508 4438010.2507968284 66.495173732616692
0 423896.20507850609 4438010.2317138165 66.4951591071929
0 423896.20571736532 4438010.1934445873 66.495251125893546
0 423896.20602251065 4438010.1742645381 66.49524136268829
0 423896.20632427209 4438010.1550358692 66.495273026304744
0 423896.20661983715 4438010.1357709253 66.495280370283254
0 423896.20718795212 4438010.0971135208 66.495331282535446
0 423896.2074614375 4438010.07772269 66.495361197805749
0 423896.207732097 4438010.0582904527 66.49542623051839
0 423896.20800457249 4438010.0388184944 66.495484447252991
0 423896.20796741039 4438009.9996440886 66.494846682405878
0 423896.20818214462 4438009.98004253 66.494861186234985
0 423896.20839478943 4438009.9603981366 66.494900777760861
0 423896.20860025962 4438009.9407190476 66.4948878873344
0 423896.20899748913 4438009.9012543652 66.4949168675923
0 423896.20919364196 4438009.8814708693 66.4949290520214
0 423896.20938906434 4438009.8616479859 66.494959013393412
0 423896.20958485466 4438009.8417837629 66.494988867643428
0 423896.20995783363 4438009.8019889537 66.4950626113959
0 423896.21014091803 4438009.7820281629 66.4950813895605
0 423896.21032488218 4438009.7620345186 66.49515311330488
0 423896.21033037495 4438009.7421071315 66.495125552242342
0 423896.2103325887 4438009.7021532357 66.495146130963
0 423896.21033038251 4438009.6821256392 66.49511261348367
0 423896.21032984141 4438009.6620652843 66.495124234905632
0 423896.21032898937 4438009.6419720892 66.4951052143916
0 423896.21031439968 4438009.60169092 66.495093399890777
0 423896.21029880189 4438009.5814906321 66.495114624478418
0 423896.2102801486 4438009.56125782 66.495179834294476
0 423896.21000095288 4438009.5409557559 66.494590142106674
0 423896.21004324261 4438009.5004042229 66.494810282677264
0 423896.20947226021 4438009.4800064312 66.494145751108491
0 423896.20940573612 4438009.4596532872 66.494263597002913
0 423896.2093388731 4438009.4392726542 66.494315474360349
0 423896.20920806809 4438009.398431262 66.494525188506131
0 423896.20915166457 4438009.3779519759 66.494617829304261
0 423896.20910358516 4438009.3574257549 66.494753794298788
0 423896.20906591509 4438009.3368679108 66.4948553183004
0 423896.2090097217 4438009.2956400486 66.495109992334449
0 423896.20897676225 4438009.27498622 66.495227232011374
0 423896.20894386136 4438009.2542937659 66.495417704223854
0 423896.20890945441 4438009.2335712835 66.495540825680109
0 423896.20881913207 4438009.1920520663 66.4957350890559
0 423896.208778008 4438009.1712356517 66.495819028577543
0 423896.20873637241 4438009.1503945626 66.495912684724019
0 423896.20868993149 4438009.1295104781 66.495999012292927
0 423896.20859842218 4438009.0876449253 66.496161994657058
0 423896.208406017 4438009.0667690439 66.495595230543245
0 423896.20837320812 4438009.04578806 66.49573242716113
0 423896.20832805446 4438009.0247828215 66.495818762423269
0 423896.20831318654 4438008.9827134125 66.4960533062448
0 423896.20773297164 4438008.96163859 66.495370155568864
0 423896.20760360482 4438008.94054395 66.495447588842708
0 423896.20746406005 4438008.9194232533 66.49553758242854
0 423896.20717183308 4438008.8770999322 66.495671259535911
0 423896.2070213565 4438008.8559013586 66.495746114523186
0 423896.20687424118 4438008.8346541133 66.495811064044034
0 423896.20673217211 4438008.8133928012 66.4959706815681
0 423896.20644470019 4438008.7707887739 66.496150327170568
0 423896.20628867357 4438008.7494569272 66.4962547540133
0 423896.20610380755 4438008.7281097947 66.49636523152914
0 423896.20591453661 4438008.7067385493 66.496476440839729
0 423896.20550582174 4438008.6638917513 66.496769277187042
0 423896.20528327022 4438008.6424407437 66.4968537253425
0 423896.20505817328 4438008.6209376315 66.496957737496132
0 423896.20483506116 4438008.5994157754 66.4970997253502
0 423896.20437989174 4438008.55626891 66.497368552545538
0 423896.20414923079 4438008.5346591072 66.497541343419783
0 423896.20390841574 4438008.5130181257 66.49764374544857
0 423896.20365142293 4438008.4913434805 66.497786739121935
0 423896.20310176664 4438008.4479139512 66.497843260537337
0 423896.20231655671 4438008.4262979208 66.4974850684203
0 423896.2020044275 4438008.4045755239 66.497572311633959
0 423896.20168810332 4438008.3828351265 66.497770752388433
0 423896.20104800956 4438008.3392852368 66.498046275418844
0 423896.20072907984 4438008.3174661789 66.498243334688738
0 423896.20041518059 4438008.295630564 66.498413915470479
0 423896.20011651167 4438008.2737829508 66.498560781860718
0 423896.19958610815 4438008.2300229007 66.49889586392969
0 423896.19903672975 4438008.2080848916 66.498408232523829
0 423896.19880003942 4438008.1861232175 66.498520181734733
0 423896.1985719495 4438008.1641373588 66.498694252601709
0 423896.1981397646 4438008.1201022742 66.499061250614361
0 423896.19793144014 4438008.0980386473 66.499277100360885
0 423896.19772921928 4438008.0759514207 66.499437147448845
0 423896.19753283949 4438008.0538394172 66.4996152325752
0 423896.19718811079 4438008.00954569 66.499990504564892
0 423896.19700420223 4438007.9873329839 66.5002156982497
0 423896.19683581212 4438007.9651102237 66.500405275104768
0 423896.19666604209 4438007.94286075 66.50052938545
0 423896.1963101697 4438007.8983253986 66.500843645976985
0 423896.19565429352 4438007.8760190578 66.500353390611252
0 423896.19542677392 4438007.85371491 66.500600829383359
0 423896.19518157665 4438007.8313757824 66.500755272977614
0 423896.19466508797 4438007.7866505478 66.501183319847954
0 423896.19440474117 4438007.7642653473 66.5013269284849
0 423896.19415095146 4438007.7418625411 66.501592655888
0 423896.19389454671 4438007.7194440486 66.501803080238687
0 423896.19336005708 4438007.674583815 66.5022405055927
0 423896.19279082376 4438007.65210286 66.501689934876921
0 423896.19252199493 4438007.6296413783 66.501887145231748
0 423896.19223879353 4438007.6071631229 66.502096673928392
0 423896.19163629215 4438007.5621745447 66.502492003768438
0 423896.19132490776 4438007.5396585176 66.5026964840601
0 423896.19100987341 4438007.5171267539 66.502919140047439
0 423896.19069593342 4438007.4945812551 66.503191504839336
0 423896.19005992915 4438007.4494491369 66.503686202605849
0 423896.18974092661 4438007.4268675251 66.503975248421483
0 423896.18940939655 4438007.4042881234 66.504188938222384
0 423896.18906789715 4438007.3817006387 66.504472771123247
0 423896.18834570714 4438007.3365215808 66.5048952388359
0 423896.18750326213 4438007.3137234347 66.504521023748921
0 423896.18712449842 4438007.2910144366 66.504764529312169
0 423896.186746411 4438007.2683046646 66.505067378107114
0 423896.185983593 4438007.2228347687 66.505627522267332
0 423896.18560304883 4438007.200085911 66.505976604212364
0 423896.18523309805 4438007.1773368325 66.506310162616
0 423896.18486721168 4438007.154594739 66.506617952852565
0 423896.18414353591 4438007.1090708831 66.507243791756011
0 423896.18378568004 4438007.0863075582 66.507496390045418
0 423896.18343876896 4438007.0635483367 66.507783901765634
0 423896.18309982447 4438007.0407746537 66.507990884238239
0 423896.18246664 4438006.9951961823 66.508474542723647
0 423896.1821580244 4438006.9723909935 66.508671410556971
0 423896.18186315778 4438006.949570437 66.508949537341223
0 423896.18157566339 4438006.926742889 66.5091684418389
0 423896.18100157467 4438006.88105413 66.509627209150068
0 423896.18071756576 4438006.8582045371 66.509768118095238
0 423896.18043367867 4438006.8353555128 66.509935210005082
0 423896.17981976591 4438006.8124319594 66.509337192569049
0 423896.17920203938 4438006.7666648179 66.509577725575568
0 423896.178431778 4438006.7436801149 66.509224900418374
0 423896.17814736278 4438006.7207652377 66.509358000857716
0 423896.17785657285 4438006.6978257624 66.509610595928464
0 423896.17727240705 4438006.651960534 66.50995542800365
0 423896.17697137123 4438006.629014194 66.51022415256908
0 423896.17666788155 4438006.60608151 66.510402577539651
0 423896.17666788155 4438006.60608151 66.510402577539651
0 423896.17573585431 4438006.5372499442 66.5110144792282
0 423896.17540730414 4438006.5143204993 66.511189568775833
0 423896.17508019897 4438006.4913976518 66.511447617748374
0 423896.17475136626 4438006.46847948 66.5115642606391
0 423896.174096556 4438006.4226266183 66.512044716360975
0 423896.173769811 4438006.3997000158 66.512188794436767
0 423896.17344714771 4438006.376755815 66.512451776079232
0 423896.173125459 4438006.3538173307 66.512740293390792
0 423896.172456375 4438006.30793468 66.5132083340846
0 423896.17211471131 4438006.2849971605 66.513487100069526
0 423896.17176553205 4438006.2620465672 66.513647212244251
0 423896.17141375475 4438006.2391064307 66.513941682176622
0 423896.17012975807 4438006.1932670968 66.513909501125028
0 423896.16977359675 4438006.1703936821 66.51427554081846
0 423896.1694213677 4438006.1475287434 66.514586710613926
0 423896.16906961938 4438006.124643744 66.514824918086944
0 423896.16836868593 4438006.0788881863 66.515514962803792
0 423896.16800903925 4438006.0560126016 66.515784434418109
0 423896.1676457405 4438006.0331340237 66.516142778915764
0 423896.16728093609 4438006.0102582192 66.516400631274863
0 423896.1665232348 4438005.9645312484 66.517066730748667
0 423896.16613960586 4438005.941687434 66.517313118305623
0 423896.16575686279 4438005.918845783 66.517604411356388
0 423896.16538262425 4438005.8959925324 66.517960984533062
0 423896.16465467814 4438005.8503107019 66.5185947656065
0 423896.16430968995 4438005.8274629964 66.518973627040538
0 423896.16397091444 4438005.8046240332 66.519260788292712
0 423896.16363366944 4438005.7817931445 66.519588591425091
0 423896.16297152126 4438005.7361256108 66.520273163069589
0 423896.16262755956 4438005.7132927356 66.520574276950157
0 423896.16227946314 4438005.6904634554 66.520919565072745
0 423896.16193614993 4438005.6676438982 66.521209999276266
0 423896.1606696815 4438005.6218897654 66.521203927037661
0 423896.16031196376 4438005.5990508888 66.52142713738
0 423896.159961173 4438005.5762095833 66.5216315683032
0 423896.15961028065 4438005.5533628026 66.521860630527485
0 423896.15890231589 4438005.5077048494 66.522179105845254
0 423896.15854645165 4438005.4848678391 66.5223269605133
0 423896.15818851645 4438005.4620422 66.522457590500039
0 423896.1578229157 4438005.439212855 66.522548729915812
0 423896.15707095154 4438005.3935464695 66.5227686912571
0 423896.15634983365 4438005.3706829278 66.522209569061587
0 423896.15598303423 4438005.3478595708 66.52232417134573
0 423896.1556288416 4438005.32503387 66.522437400497637
0 423896.1549528077 4438005.27936486 66.522584310249357
0 423896.15540278488 4438005.2564924993 66.521862080630569
0 423896.15520525014 4438005.2336612595 66.521900083794776
0 423896.15500554035 4438005.2108358545 66.521987482572854
0 423896.15460976033 4438005.1652095458 66.522050348493465
0 423896.15440098138 4438005.1424029013 66.522146798636939
0 423896.1541899399 4438005.11960288 66.5222329020184
0 423896.15397152322 4438005.0967989583 66.522286058519313
0 423896.1535595546 4438005.0511665549 66.522365001169277
0 423896.15294105111 4438005.0283014979 66.5217765065625
0 423896.1527230065 4438005.0054666121 66.521805650652709
0 423896.15250676085 4438004.9826473314 66.521811674323018
0 423896.15205947246 4438004.9370145844 66.521895289895809
0 423896.15183317987 4438004.9142054515 66.521884972671629
0 423896.15160604072 4438004.8914046669 66.521926887854832
0 423896.15136502252 4438004.86860116 66.52195339164048
0 423896.15085764677 4438004.8230155325 66.52197168792928
0 423896.15059322841 4438004.8002320584 66.521995547191665
0 423896.15032329294 4438004.7774351016 66.522016194231185
0 423896.15005522058 4438004.754641369 66.522143933029213
0 423896.14952400356 4438004.70905376 66.522234938026244
0 423896.14927033859 4438004.6862704782 66.522370579365187
0 423896.14902299782 4438004.6634890484 66.522433533577242
0 423896.14877606306 4438004.640723886 66.522456191529386
0 423896.14829393965 4438004.5952138193 66.522652555296034
0 423896.14804766217 4438004.5724770287 66.522694864739279
0 423896.14779636968 4438004.5497434195 66.522803395363809
0 423896.1475400686 4438004.527020351 66.522867621985213
0 423896.14709234121 4438004.481589078 66.5230887509081
0 423896.14641887211 4438004.458629326 66.522440782003557
0 423896.14617117873 4438004.43585763 66.522546135332732
0 423896.14592528954 4438004.4130777856 66.522679416687126
0 423896.14544667851 4438004.3675435446 66.522899939488013
0 423896.14521271311 4438004.3447839236 66.523001232937034
0 423896.1449880274 4438004.3220364219 66.5230658025499
0 423896.14476346533 4438004.2993100844 66.523154703197235
0 423896.14431284077 4438004.2538768649 66.523249532944078
0 423896.14383308595 4438004.2310877424 66.5227421373547
0 423896.14368000953 4438004.208352373 66.522788786750681
0 423896.14352934388 4438004.1856103279 66.522893537312626
0 423896.14325887553 4438004.1401170846 66.523099068649188
0 423896.14305557287 4438004.1173589239 66.523154155384645
0 423896.14285078342 4438004.0946025038 66.523285071912738
0 423896.14264635893 4438004.0718791 66.523271054329
0 423896.14223040058 4438004.0264180684 66.523363105064789
0 423896.14201808884 4438004.00371911 66.52328743963939
0 423896.141798319 4438003.981004389 66.5232697733395
0 423896.14158327488 4438003.9583001779 66.523316132410216
0 423896.14075219445 4438003.9128481736 66.52268077783495
0 423896.14021250291 4438003.8900528522 66.522068382702884
0 423896.14000433893 4438003.8673281055 66.52208153097969
0 423896.13979713124 4438003.844604603 66.522095234600158
0 423896.13959060167 4438003.8218885725 66.522119785359592
0 423896.13918318175 4438003.7764851721 66.522079938055981
0 423896.13898534392 4438003.7537984271 66.522046757783343
0 423896.13879283366 4438003.7311175009 66.52202810109803
0 423896.1384129934 4438003.6857695011 66.521953783242353
0 423896.13823299878 4438003.663097593 66.5219722240865
0 423896.13806832751 4438003.6404215423 66.522042228334186
0 423896.13789695135 4438003.6177571919 66.5220308649185
0 423896.13755259843 4438003.5724023283 66.522191842031177
0 423896.13737553527 4438003.5497317286 66.522179006634957
0 423896.13719820225 4438003.5270616617 66.522273445947974
0 423896.13702142448 4438003.5044089966 66.522373559646937
0 423896.13665300159 4438003.4591261158 66.522419722734341
0 423896.13647154236 4438003.4365033982 66.522504941138791
0 423896.13628564321 4438003.4138871552 66.522501043780039
0 423896.13610173459 4438003.3912721314 66.522582716551767
0 423896.13538673043 4438003.3461131472 66.522228649102559
0 423896.13522788743 4438003.3235926647 66.522353584884414
0 423896.135076116 4438003.3010780765 66.522514843797964
0 423896.13492499455 4438003.278582532 66.522615898572681
0 423896.134622675 4438003.2335776035 66.5229016940909
0 423896.13447546295 4438003.2110860553 66.523013301858626
0 423896.13432561216 4438003.1886016382 66.523100108797578
0 423896.134181284 4438003.1661310811 66.523183677788978
0 423896.1338999084 4438003.1212085132 66.523412462590173
0 423896.133716019 4438003.098762989 66.523490687902168
0 423896.13353077741 4438003.076340301 66.523711865521975
0 423896.13333825825 4438003.0539070955 66.523819404391574
0 423896.13293958345 4438003.00906929 66.5240536646742
0 423896.132730094 4438002.9866614649 66.524169739195912
0 423896.13250762195 4438002.9642712511 66.524229846325213
0 423896.13227492344 4438002.941888676 66.524389259540882
0 423896.13179531094 4438002.8971701516 66.52454398226466
0 423896.13155375159 4438002.8748140093 66.524678532395782
0 423896.13132111385 4438002.8524629241 66.524805849572758
0 423896.13109604892 4438002.8301109821 66.524872195321564
0 423896.13030690304 4438002.7850428773 66.524468801794271
0 423896.13012708054 4438002.7626240468 66.524514746408016
12 423896.12994997209 4438002.7402093532 66.5246535427263
12 423896.12976817589 4438002.7178077176 66.524761209849274
100 423896.12938367372 4438002.6730602952 66.524868135797036
100 423896.12918498483 4438002.6507326113 66.524935924797674
156 423896.12898423063 4438002.6284604575 66.524963167338939
156 423896.12878106808 4438002.6062166858 66.525019995667421
188 423896.12839094526 4438002.561834706 66.525165101296025
188 423896.12776910793 4438002.5396682406 66.524757459823746
376 423896.12750263413 4438002.51760243 66.524873967031127
376 423896.12723803672 4438002.4955587089 66.524953178884672
756 423896.12636476988 4438002.4516712017 66.524645684211976
756 423896.126086702 4438002.4298700234 66.524676131032422
1060 423896.12580401072 4438002.4081612658 66.524697119809787
1060 423896.12551519426 4438002.3865752909 66.524751839611682
1060 423896.12493082986 4438002.3438105 66.524879128180686
1312 423896.12464633881 4438002.3226580583 66.524945171330941
1548 423896.12437233317 4438002.3016734226 66.525073747707893
1548 423896.12411295093 4438002.280893431 66.525171926428413
1796 423896.12362173013 4438002.2399128135 66.52540180188069
1796 423896.12293405994 4438002.21968846 66.524891675730885
2068 423896.12265106232 4438002.1998038189 66.524933903270849
2068 423896.12236273394 4438002.1801813841 66.5250600505192
2316 423896.12177799956 4438002.141776043 66.525248658774586
2316 423896.12148512254 4438002.1230226085 66.525372314099883
2544 423896.12120148615 4438002.1045868387 66.525507118944674
2544 423896.12092190032 4438002.0864458121 66.525646404708056
2736 423896.12037991552 4438002.0510979556 66.526020000967392
2736 423896.1201248609 4438002.0338944029 66.5262021980896
2908 423896.1198786078 4438002.0170074785 66.5263628113258
2908 423896.11963673786 4438002.0004466781 66.526513505904575
3064 423896.119152666 4438001.9683316927 66.5268180115501
3064 423896.11889736535 4438001.9527849788 66.526935643549734
3208 423896.11864154926 4438001.9375815494 66.527125366836685
3208 423896.11839108076 4438001.9227235345 66.527274379331246
3340 423896.11788599676 4438001.8940558722 66.527635740768
3340 423896.11764763069 4438001.8802616708 66.527818796994907
3432 423896.11741780775 4438001.8668236593 66.527978494319981
3432 423896.11720261845 4438001.8537666975 66.528257592095173
3444 423896.11650285486 4438001.8289487492 66.527965427957341
3444 423896.11630874372 4438001.8171177013 66.528151608846613
3440 423896.11611641274 4438001.8056443026 66.528295222370147
3440 423896.11592557054 4438001.7945362581 66.52838596869843
3308 423896.11556046369 4438001.7733687274 66.528757020262432
3308 423896.11538759613 4438001.7632908318 66.529007946770761
3172 423896.115223167 4438001.7535277791 66.529249274842272
3172 423896.115065003 4438001.7440520767 66.529443083185825
3108 423896.11475767614 4438001.7259841105 66.529909737487088
3108 423896.11467627494 4438001.7173840459 66.530069149523456
3056 423896.11460524308 4438001.7091098456 66.530293672608323
3056 423896.11453878257 4438001.701150896 66.53049964649928
3024 423896.114419161 4438001.6860767528 66.530752705496042
3024 423896.11438051378 4438001.6789890593 66.530873515537508
2916 423896.11435109796 4438001.6721996134 66.530957667253546
2916 423896.11433104653 4438001.6656955862 66.531147492234837
2756 423896.11432567984 4438001.6534979194 66.5314418487631
2756 423896.11433288513 4438001.6477772752 66.531569222197646
2592 423896.11434381956 4438001.6423177877 66.531674991572544
2592 423896.11435850058 4438001.6371270595 66.531754413262
2388 423896.11419256148 4438001.6274936153 66.531209261964065
2388 423896.11392752232 4438001.6229080316 66.53031386151865
2172 423896.11400288151 4438001.61863171 66.530282665578227
2172 423896.11408474407 4438001.6145676449 66.530315940946792
2000 423896.11428237823 4438001.6070225127 66.530280351884159
2000 423896.11438494094 4438001.6035105577 66.530246670709843
1840 423896.114486382 4438001.6001583124 66.530207556193545
1840 423896.114486382 4438001.6001583124 66.530207556193545
1696 423896.11478104373 4438001.59099486 66.52991439956844
1696 423896.11486864282 4438001.5882324856 66.529806575397913
1580 423896.11495753366 4438001.58561733 66.5296365263507
1580 423896.11504442891 4438001.5831457805 66.529445740396881
1468 423896.11523519643 4438001.57863831 66.52901700664475
1468 423896.11533378134 4438001.57659458 66.528772059497314
1360 423896.11477756675 4438001.575106605 66.528265013396961
1360 423896.11478435545 4438001.5734831262 66.52802680810386
1260 423896.11480593221 4438001.5705806734 66.527435582905852
1260 423896.11481854669 4438001.56929444 66.527176262350778
1172 423896.1148328241 4438001.5681133373 66.52686521880851
1172 423896.11484342883 4438001.5670330841 66.526572087925686
1172 423896.11486707581 4438001.565149731 66.525985417876555
1088 423896.11462045717 4438001.5640882049 66.52496487295106
1012 423896.11466159445 4438001.5633009309 66.5247055093722
1012 423896.11470701318 4438001.5626098365 66.524363862671279
964 423896.11479964032 4438001.56150854 66.523688326875771
964 423896.11484856269 4438001.5610908456 66.523344136654885
928 423896.11489442829 4438001.5607574563 66.522975861272172
928 423896.11494250823 4438001.5605110982 66.5227102686379
904 423896.11505891674 4438001.560278235 66.522063841082812
904 423896.11511189275 4438001.5602906495 66.5218227726832
888 423896.1151629886 4438001.5603871327 66.521560182696916
888 423896.11520787171 4438001.5605666572 66.5212799493379
880 423896.11528985878 4438001.5611631311 66.520890381953365
880 423896.115331869 4438001.5615667067 66.520653891666214
880 423896.11536953453 4438001.5620307075 66.520493085681039
880 423896.11541783222 4438001.5625455035 66.520369979431351
1092 423896.11554066616 4438001.5636847625 66.52011576720443
1092 423896.11561425385 4438001.5642902292 66.5200849354127
1292 423896.11570098071 4438001.5649035964 66.520033599033468
1292 423896.11579341581 4438001.5655141966 66.519963873061769
1388 423896.11570638738 4438001.5665013781 66.519367457049654
1388 423896.11582715547 4438001.56708323 66.519316139942163
1500 423896.11594350659 4438001.5676319692 66.519336782040952
1500 423896.11605732451 4438001.5681386227 66.519353585687583
1600 423896.11627638905 4438001.5689980611 66.519423024600144
1600 423896.11639525968 4438001.569341789 66.519511959041736
1624 423896.11651986715 4438001.5696205338 66.51952759401496
1624 423896.11664904217 4438001.5698367935 66.519642492494611
1612 423896.1169279982 4438001.5700837877 66.519826243584845
1612 423896.11706705205 4438001.5701221079 66.519945860725585
1504 423896.11720933253 4438001.5701087322 66.520074978107829
1504 423896.11696126161 4438001.5697061066 66.518894428561381
1488 423896.11712754046 4438001.56897269 66.519184928974553
1488 423896.11721286952 4438001.5685387887 66.519253480685109
1496 423896.11736512528 4438001.56794741 66.519425638584153
1496 423896.11752188462 4438001.5673238905 66.5196019374492
1520 423896.11785964284 4438001.566015766 66.519859401929068
1520 423896.11804103712 4438001.56535141 66.520026859023446
1516 423896.11823129968 4438001.5646895552 66.520113393532512
1516 423896.11841846263 4438001.56403691 66.52027195248327
1516 423896.118580203 4438001.56262481 66.519815402757544
1516 423896.11875829607 4438001.5620750533 66.519950777981165
1516 423896.11893211346 4438001.5615434609 66.520050102392531
1516 423896.11910985922 4438001.5610319069 66.520111461151657
1516 423896.11946602282 4438001.5600768216 66.52035863669289
1516 423896.1196474054 4438001.5596360611 66.520442189081152
1524 423896.11982783774 4438001.5592238158 66.520562401422723
1524 423896.12000848615 4438001.5588433128 66.5206428230539
1536 423896.12037632841 4438001.5581884328 66.520776972197766
1536 423896.12008311914 4438001.55796639 66.520466854182516
1548 423896.1201417367 4438001.5578437541 66.520473085045523
1548 423896.12019491068 4438001.5577500723 66.520463184544951
1580 423896.12028736382 4438001.5576256821 66.520457665792577
1580 423896.12033167196 4438001.5575864678 66.520457398126652
1672 423896.12037446967 4438001.5575546473 66.520427498300549
1672 423896.12042212067 4438001.5575295081 66.520462325697864
1792 423896.120521349 4438001.5574928652 66.520433351048908
1792 423896.12057538389 4438001.5574827287 66.520420713736456
1916 423896.12063594832 4438001.5574777182 66.520396889985
1916 423896.12069380691 4438001.5574746076 66.520308098684126
2020 423896.12041202554 4438001.5574859986 66.519537304262329
2020 423896.12045812624 4438001.5575109879 66.51943865408488
2020 423896.12050112529 4438001.5575222187 66.51935295595554
2120 423896.12054967921 4438001.5575176533 66.519279290360828
2208 423896.12064371962 4438001.5574499993 66.519134471196708
2208 423896.12069363764 4438001.5573878847 66.519099347552839
2284 423896.12074462487 4438001.5573097439 66.5190486330014
2284 423896.12078873481 4438001.5572173782 66.518994623610979
2300 423896.1208880489 4438001.5570037458 66.518887350277836
2300 423896.12093487638 4438001.5568836574 66.5187837721062
2296 423896.12098116172 4438001.5567557812 66.518712096492436
2296 423896.12105933373 4438001.5567783862 66.518645141478
2296 423896.12120618351 4438001.5567883318 66.518473538003065
2296 423896.12128698663 4438001.5567764463 66.5184268469881
2296 423896.12136481283 4438001.5567527441 66.518349967638315
2296 423896.12144428538 4438001.5567199625 66.518334231084992
2292 423896.12161919143 4438001.5566413654 66.5182897784847
2292 423896.12161919143 4438001.5566413654 66.5182897784847
2292 423896.12179616879 4438001.5565695381 66.5182537486225
2292 423896.12188665738 4438001.5565418378 66.518186501034592
2292 423896.12161473907 4438001.55652526 66.517516214321432
2292 423896.12170202017 4438001.5565575026 66.517454700325
2288 423896.12140516529 4438001.5563544193 66.516499330198258
2288 423896.12146497547 4438001.55626762 66.516486637356991
2284 423896.1215958668 4438001.5561033916 66.516507557122139
2284 423896.12166215078 4438001.5560247265 66.516502418365093
2264 423896.1217280986 4438001.5559522985 66.516542699288422
2264 423896.1217280986 4438001.5559522985 66.516542699288422
2224 423896.12191041437 4438001.5557787325 66.516546184643133
2224 423896.12205289688 4438001.5556501793 66.516540615246711
2176 423896.12219010456 4438001.55552627 66.5164731010124
2176 423896.12233085855 4438001.5554073444 66.516435733026853
2144 423896.12262775254 4438001.5551741961 66.51636112954391
2144 423896.12277872814 4438001.5550555373 66.516340650893383
2124 423896.1229507082 4438001.5549293868 66.516389559605386
2124 423896.12311410904 4438001.5548013533 66.516345756584272
2112 423896.123272365 4438001.554671417 66.516346152327074
2112 423896.123579525 4438001.5544129331 66.516333007716128
2100 423896.12372375897 4438001.55428545 66.516316075512648
2100 423896.1238682149 4438001.554161435 66.51631742625068
2092 423896.12372989405 4438001.5539715486 66.515641643787447
2092 423896.12386612239 4438001.5538900513 66.51563228074366
2088 423896.12400704634 4438001.5538064223 66.515588275736008
2088 423896.12415122229 4438001.5537179969 66.515551279756664
2088 423896.12445465039 4438001.5535298744 66.515553395809334
2084 423896.12460316881 4438001.5534316981 66.515537550980454
2080 423896.12474474695 4438001.5533310268 66.515540334416173
2080 423896.12488426676 4438001.553230809 66.515553583371528
2076 423896.12514149171 4438001.5530291321 66.51553450294314
2076 423896.12470654189 4438001.5530245807 66.515274407554159
2076 423896.1246494879 4438001.5530559933 66.51523680717176
2076 423896.124592796 4438001.5530858068 66.5152072582129
2076 423896.124509252 4438001.5531326309 66.515243726518719
2076 423896.12447524309 4438001.5531483972 66.515236301226409
2076 423896.124447291 4438001.5531617859 66.515245831600041
2076 423896.12442169624 4438001.5531754633 66.5152728009093
2076 423896.12435859686 4438001.553199471 66.51525744510414
2076 423896.1243255377 4438001.5532116955 66.515271507465428
2080 423896.12428382016 4438001.5532238511 66.515252723770715
2080 423896.12423776026 4438001.553234091 66.515234809981592
2088 423896.12411998643 4438001.5532240681 66.51524033954378
2088 423896.12368257158 4438001.55322723 66.514669439169651
2096 423896.1236674597 4438001.5533183524 66.51467313756838
2096 423896.12365818984 4438001.5534098716 66.514646843802467
2104 423896.12365043047 4438001.5535993045 66.514591554689517
2104 423896.12365202256 4438001.5537026376 66.514552329675709
2104 423896.12364732556 4438001.5538113452 66.5144718862092
2104 423896.12363955053 4438001.5539256176 66.514449158646926
2108 423896.12361154414 4438001.5541673591 66.5143133904999
2108 423896.12358596479 4438001.5542906839 66.514274827072114
2112 423896.12356551964 4438001.5544142108 66.514269928708657
2112 423896.1235504013 4438001.5545359571 66.514242675084915
2116 423896.12352774647 4438001.5547771621 66.514210342383564
2116 423896.12312913639 4438001.5548832379 66.513703086531578
2120 423896.12312398473 4438001.55503427 66.513659516285315
2120 423896.12312290817 4438001.5551915821 66.5136608668919
2120 423896.12311030668 4438001.5555232642 66.5135532488244
2120 423896.12311030668 4438001.5555232642 66.5135532488244
2124 423896.12306832592 4438001.5558625171 66.513513087129155
2124 423896.12304254447 4438001.5560279386 66.51344673126664
2128 423896.12264925957 4438001.5563335158 66.512903490059344
2128 423896.12262666709 4438001.5564766638 66.512885079243276
2132 423896.122607996 4438001.5566137591 66.5129132201742
2132 423896.12259469 4438001.5567480735 66.512935255711042
2136 423896.12258067529 4438001.5568820685 66.5129133679075
2136 423896.12254809239 4438001.55715498 66.512909478171665
2136 423896.12253107084 4438001.557295261 66.512862725725938
2136 423896.122506597 4438001.5574362837 66.512805372391867
2140 423896.12245510914 4438001.557716337 66.5127580453702
2140 423896.12255803455 4438001.5577480951 66.5127146622936
2140 423896.12265987712 4438001.5577736814 66.512727811069212
2140 423896.12276579911 4438001.5577930883 66.512753279767082
2144 423896.12298224651 4438001.557815684 66.512750547533969
2144 423896.12309626979 4438001.5578270713 66.512780264733479
2148 423896.12320557825 4438001.557840839 66.512738838841344
2148 423896.1233149 4438001.5578594813 66.512739429527983
2148 423896.123535699 4438001.5579112107 66.512652606912653
2148 423896.12364425068 4438001.55794339 66.512637368191818
2148 423896.12375612895 4438001.5579757141 66.512615946635009
2148 423896.12354266748 4438001.5580528732 66.5119691021971
2152 423896.12377611717 4438001.558182247 66.511961451658621
2152 423896.12386761268 4438001.558211837 66.511934387913811
2152 423896.123954172 4438001.5582386889 66.511964340115057
2152 423896.12404784304 4438001.55826449 66.511969990605209
2152 423896.12422672973 4438001.5583263692 66.511942841010864
2152 423896.12431780377 4438001.5583650526 66.511922902006432
2152 423896.12441544706 4438001.5584099563 66.511906837047079
2152 423896.12450429262 4438001.5584601909 66.511872612292166
2152 423896.1246958386 4438001.5585671971 66.511803271238961
