-0 -0 0
0 -0 0
-0 -0 0
0 -0 0
0 -0 0
0 -0 0
0 -0 0
-0.021418921649456024 -0.49367350339889526 0
-0.0234079509973526 -0.5485689640045166 0
-0.029130006209015846 -0.61513417959213257 0
-0.0016306366305798292 -0.69568067789077759 0
0.017274389043450356 -0.77188551425933838 0
-0.028938135132193565 -0.85438281297683716 0
-0.0914672464132309 -0.895049512386322 0
-0.064617186784744263 -1.0075547695159912 0
-0.033405538648366928 -1.2527197599411011 0
0.0090928170830011368 -1.2516599893569946 0
0.0063465801067650318 -1.2492567300796509 0
-0.037802852690219879 -1.5001550912857056 0
-0.060124300420284271 -1.5002677440643311 0
-0.12024154514074326 -1.7478525638580322 0
-0.057469900697469711 -1.749485969543457 0
-0.02922777459025383 -1.7733122110366821 0
-0.05660584568977356 -1.9990822076797485 0
-0.015587319619953632 -1.9981622695922852 0
-0.10677891969680786 -2.2470426559448242 0
-0.068185321986675262 -2.2464480400085449 0
-0.11121346056461334 -2.2454111576080322 0
-0.12494073063135147 -2.4959444999694824 0
-0.077360451221466064 -2.4967203140258789 0
-0.10703667998313904 -2.7485475540161133 0
-0.097559429705142975 -2.747488260269165 0
-0.10547327995300293 -2.7457153797149658 0
-0.12256050854921341 -2.9965970516204834 0
-0.0966012105345726 -2.9963710308074951 0
-0.0741131454706192 -2.9966466426849365 0
-0.071767278015613556 -3.2457349300384521 0
-0.046621277928352356 -3.2455897331237793 0
-0.019393272697925568 -3.2565484046936035 0
-0.071606196463108063 -3.2574334144592285 0
-0.10031770914793015 -3.5027427673339844 0
-0.10620956867933273 -3.5013449192047119 0
-0.0965588390827179 -3.5025856494903564 0
-0.073841720819473267 -3.5021297931671143 0
-0.0753588005900383 -3.5266134738922119 0
-0.10029245913028717 -3.5358586311340332 0
-0.11472360789775848 -3.5436444282531738 0
-0.13472558557987213 -3.564777135848999 0
-0.13898420333862305 -3.5736784934997559 0
-0.14807778596878052 -3.5791382789611816 0
-0.13168415427207947 -3.5785355567932129 0
-0.1208733469247818 -3.5687417984008789 0
-0.10272068530321121 -3.5782649517059326 0
-0.11003450304269791 -3.5830364227294922 0
-0.0888654813170433 -3.5744225978851318 0
-0.062548637390136719 -3.5878190994262695 0
-0.0480230450630188 -3.5655002593994141 0
-0.0773407444357872 -3.5579774379730225 0
-0.10836821794509888 -3.4943192005157471 0
-0.095970869064331055 -3.4929542541503906 0
-0.081587746739387512 -3.4955208301544189 0
-0.015395310707390308 -3.4936020374298096 0
-0.012998632155358791 -3.5202474594116211 0
-0.018661107867956161 -3.5243816375732422 0
-0.095250852406024933 -3.52087140083313 0
-0.14873436093330383 -3.5168945789337158 0
-0.12007536739110947 -3.5131394863128662 0
-0.10797227919101715 -3.5181057453155518 0
-0.0776648223400116 -3.5038290023803711 0
-0.10533048957586288 -3.4888603687286377 0
-0.10390576720237732 -3.4557466506958008 0
-0.10103573650121689 -3.4597811698913574 0
-0.072059087455272675 -3.4557995796203613 0
-0.033906705677509308 -3.4566385746002197 0
-0.018041560426354408 -3.4637846946716309 0
-0.026178346946835518 -3.4448509216308594 0
-0.082825839519500732 -3.4311931133270264 0
-0.12371164560317993 -3.4295673370361328 0
-0.14759914577007294 -3.4131512641906738 0
-0.16094355285167694 -3.4098291397094727 0
-0.10760634392499924 -3.4587910175323486 0
-0.1404731273651123 -3.4930660724639893 0
-0.13316364586353302 -3.4937925338745117 0
-0.12021250277757645 -3.4974470138549805 0
-0.076077282428741455 -3.4604272842407227 0
-0.052980720996856689 -3.4467108249664307 0
-0.051288310438394547 -3.4429264068603516 0
-0.0456521213054657 -3.4435005187988281 0
-0.030713105574250221 -3.4458975791931152 0
-0.025358805432915688 -3.4311692714691162 0
-0.0256405808031559 -3.4375362396240234 0
-0.020997179672122 -3.4301106929779053 0
-0.03067438118159771 -3.4437954425811768 0
-0.081733562052249908 -3.4929628372192383 0
-0.11554385721683502 -3.4265716075897217 0
-0.14538569748401642 -3.4202783107757568 0
-0.1520378589630127 -3.3987226486206055 0
-0.1302114725112915 -3.3959403038024902 0
-0.13010568916797638 -3.4041178226470947 0
-0.11391371488571167 -3.4102993011474609 0
-0.13665945827960968 -3.4073042869567871 0
-0.13507482409477234 -3.3964602947235107 0
-0.12200889736413956 -3.3865764141082764 0
-0.089441850781440735 -3.3926382064819336 0
-0.066623926162719727 -3.4028007984161377 0
-0.059551991522312164 -3.3958563804626465 0
-0.052806295454502106 -3.4100847244262695 0
-0.039030272513628006 -3.3877015113830566 0
-0.037231530994176865 -3.3733227252960205 0
-0.0085964323952794075 -3.3561453819274902 0
-0.033548604696989059 -3.3584814071655273 0
-0.045708354562520981 -3.351405143737793 0
-0.05519992858171463 -3.3501722812652588 0
-0.062938481569290161 -3.3441784381866455 0
-0.063017606735229492 -3.32785701751709 0
-0.087082929909229279 -3.3128170967102051 0
-0.097157038748264313 -3.295335054397583 0
-0.12877672910690308 -3.2968111038208008 0
-0.15087291598320007 -3.3008372783660889 0
-0.12907229363918304 -3.3123891353607178 0
-0.12594667077064514 -3.25106143951416 0
-0.10802225023508072 -3.2493691444396973 0
-0.039751142263412476 -3.2608554363250732 0
0.097161047160625458 -3.3465719223022461 0
0.09072200208902359 -3.3452534675598145 0
-0.011493257246911526 -3.356952428817749 0
-0.12630932033061981 -3.3349575996398926 0
-0.15395024418830872 -3.3171520233154297 0
-0.14397446811199188 -3.3140368461608887 0
-0.13848559558391571 -3.3020670413970947 0
-0.12550216913223267 -3.2402300834655762 0
-0.14738737046718597 -3.3122851848602295 0
-0.146342933177948 -3.245729923248291 0
-0.11504574865102768 -3.3271541595458984 0
-0.11543102562427521 -3.3310558795928955 0
-0.11638461053371429 -3.3074865341186523 0
-0.16289004683494568 -3.3030962944030762 0
-0.19330711662769318 -3.2960736751556396 0
-0.22506502270698547 -3.2971360683441162 0
-0.18480116128921509 -3.2923927307128906 0
-0.12375082820653915 -3.3146541118621826 0
-0.0784916877746582 -3.3453423976898193 0
-0.042187266051769257 -3.3455615043640137 0
-0.027547882869839668 -3.3458073139190674 0
-0.035254944115877151 -3.324953556060791 0
-0.049228440970182419 -3.3140573501586914 0
-0.050549909472465515 -3.2525804042816162 0
-0.045359265059232712 -3.3144552707672119 0
-0.071841463446617126 -3.2938120365142822 0
-0.079086519777774811 -3.300809383392334 0
-0.093231156468391418 -3.2999024391174316 0
-0.088870026171207428 -3.2572164535522461 0
-0.091858766973018646 -3.2913572788238525 0
-0.0927179753780365 -3.2974669933319092 0
-0.092143580317497253 -3.2918384075164795 0
-0.092965848743915558 -3.2957689762115479 0
-0.079514607787132263 -3.3059318065643311 0
-0.095747418701648712 -3.3168046474456787 0
-0.092217147350311279 -3.3390407562255859 0
-0.082974590361118317 -3.300811767578125 0
-0.073165915906429291 -3.3586184978485107 0
-0.075375840067863464 -3.3614623546600342 0
-0.054219547659158707 -3.2936420440673828 0
-0.061686772853136063 -3.4264671802520752 0
-0.061402752995491028 -3.4248950481414795 0
-0.056433029472827911 -3.4031226634979248 0
-0.043549586087465286 -3.3860156536102295 0
-0.041742861270904541 -3.4282264709472656 0
-0.073436625301837921 -3.5049479007720947 0
-0.05279812216758728 -3.5058383941650391 0
-0.040405843406915665 -3.50156831741333 0
-0.04197905957698822 -3.507526159286499 0
-0.024311957880854607 -3.4355745315551758 0
-0.063212543725967407 -3.4830071926116943 0
-0.045774154365062714 -3.4678037166595459 0
-0.046670157462358475 -3.5137615203857422 0
-0.0390777513384819 -3.4108178615570068 0
-0.036376796662807465 -3.3849303722381592 0
-0.025986954569816589 -3.4332363605499268 0
-0.019052270799875259 -3.3949716091156006 0
-0.024320153519511223 -3.4668710231781006 0
-0.031953226774930954 -3.4877951145172119 0
-0.03785325214266777 -3.4987876415252686 0
-0.036741837859153748 -3.4458577632904053 0
-0.03535730391740799 -3.4377851486206055 0
-0.050762176513671875 -3.4165446758270264 0
-0.051425598561763763 -3.4178206920623779 0
-0.054936021566390991 -3.4870541095733643 0
-0.042476680129766464 -3.4982998371124268 0
-0.043811876326799393 -3.4931349754333496 0
-0.043044153600931168 -3.4630882740020752 0
-0.040254227817058563 -3.3962604999542236 0
-0.030995989218354225 -3.3919637203216553 0
-0.035509310662746429 -3.4356842041015625 0
-0.035827606916427612 -3.4388265609741211 0
-0.050238680094480515 -3.5025551319122314 0
-0.039147328585386276 -3.5007023811340332 0
-0.039683323353528976 -3.4521651268005371 0
-0.036286443471908569 -3.3697054386138916 0
-0.047305233776569366 -3.40769100189209 0
-0.04424411803483963 -3.4119200706481934 0
-0.051522888243198395 -3.4478845596313477 0
-0.055114388465881348 -3.4938406944274902 0
-0.059509661048650742 -3.3935432434082031 0
-0.064844429492950439 -3.4770305156707764 0
-0.060276605188846588 -3.2509844303131104 0
-0.058980222791433334 -3.2460501194000244 0
-0.066750854253768921 -3.2533106803894043 0
-0.047435913234949112 -2.9958603382110596 0
-0.07998444139957428 -2.9984853267669678 0
-0.075586624443531036 -2.8287284374237061 0
-0.11813755333423615 -2.9979703426361084 0
-0.098186865448951721 -2.9366402626037598 0.12166862934827805
-0.11272900551557541 -2.7397398948669434 0
-0.16413643956184387 -2.7401480674743652 0
-0.16263115406036377 -2.6122348308563232 0
-0.14661054313182831 -2.3050026893615723 0
-0.18774707615375519 -2.2577815055847168 0
-0.17080499231815338 -1.8961770534515381 0
-0.46785861253738403 -1.7423012256622314 0
-0.40828675031661987 -1.3539783954620361 0
-0.24820147454738617 -1.2295341491699219 0
-0.094972178339958191 -1.0916486978530884 0
-0.20045292377471924 -1.1482498645782471 0
-0.21406137943267822 -1.1422402858734131 0
-0.10551314800977707 -1.2809805870056152 0
-0.089357100427150726 -1.3820927143096924 0
-0.11610147356987 -1.529828667640686 0
-0.09645533561706543 -1.4455282688140869 0
-0.10043365508317947 -1.5064971446990967 0
-0.26242697238922119 -1.6006460189819336 0
-0.29165926575660706 -2.9719738960266113 0
-0.20240412652492523 -1.6144706010818481 0
-0.30417802929878235 -2.9876227378845215 0
-0.10854775458574295 -1.620930552482605 0
-0.32422876358032227 -3.0270242691040039 0
-0.10645440220832825 -1.678654670715332 0
-0.1044720858335495 -1.6217371225357056 0
-0.10716459900140762 -1.6203064918518066 0
-0.10737019777297974 -1.6165115833282471 0
-0.10498190671205521 -1.605669379234314 0
-0.096861854195594788 -1.6099498271942139 0
-0.085039295256137848 -1.4912128448486328 0
-0.07838575541973114 -1.5049107074737549 0
-0.15517550706863403 -1.2651767730712891 0
-0.055943757295608521 -1.3489296436309814 0
-0.037833243608474731 -1.3423112630844116 0
-0.054204192012548447 -1.1444354057312012 0
-0.13698688149452209 -1.0111327171325684 0
-0.15004222095012665 -0.97887396812438965 0
-0.10431863367557526 -0.676487147808075 0
-0.051730319857597351 -0.45055368542671204 0
-0.052583180367946625 -0.36797201633453369 0
0.034702159464359283 -0.57119560241699219 0
0.12493172287940979 -0.54969185590744019 0
0.14881275594234467 -0.42801430821418762 0
0.14086073637008667 -0.28391259908676147 0
0.12464989721775055 -0.17384018003940582 0
0.32316598296165466 -0.340624064207077 0
0.57904016971588135 -0.21393342316150665 0
0.48686710000038147 -0.14780193567276 0
0.7733691930770874 -0.29307982325553894 0
0.66996437311172485 -0.27056518197059631 0
1.0191152095794678 -0.37415656447410583 0
1.3220256567001343 -0.6088714599609375 0
1.5746519565582275 -0.64595091342926025 0
1.9457361698150635 -0.91919761896133423 0
2.3285915851593018 -1.2585402727127075 0
2.4792203903198242 -1.2814645767211914 0
2.4188582897186279 -1.2857747077941895 0
2.3187360763549805 -1.2674057483673096 0
2.4473514556884766 -1.3499610424041748 0
2.8282485008239746 -1.5934584140777588 0
2.8682048320770264 -1.6601153612136841 0
2.96481990814209 -1.7236518859863281 0
2.8267354965209961 -1.7024703025817871 0
2.9255170822143555 -1.7089632749557495 0
3.0427021980285645 -1.6497796773910522 0
3.103248119354248 -1.5812746286392212 0
3.1770904064178467 -1.5621871948242188 0
3.195939302444458 -1.5312907695770264 0
3.1457488536834717 -1.4718022346496582 0
3.1273393630981445 -1.4603805541992188 0
3.1134932041168213 -1.3588860034942627 0
3.1372313499450684 -1.3402125835418701 0
3.1542823314666748 -1.2191449403762817 0
3.1598107814788818 -1.1849610805511475 0
3.1402294635772705 -1.2260856628417969 0
3.0914473533630371 -1.2942830324172974 0
3.1427640914916992 -1.2761597633361816 0
3.1349384784698486 -1.3228623867034912 0
3.1592700481414795 -1.2534868717193604 0
3.3532059192657471 -1.1306042671203613 0
3.6178202629089355 -0.91555887460708618 0
3.4988045692443848 -0.66253536939620972 0
