-1.6459600692476333
-1.6459648356954768
-1.6459726263674705
-1.6459726263674705
-1.6459747263451556
-1.645978254628518
-1.6459776898744425
-1.6459746444116468
-1.6459746444116468
-1.645973207488318
-1.6459745319821384
-1.6459745319821384
-1.6459790922777329
-1.6459884868074843
-1.6459832010930227
-1.6459832010930227
-1.6459793002192422
-1.6459682247607488
-1.6459682247607488
-1.645973742842527
-1.645973742842527
-1.6459775818405229
-1.6459779420193981
-1.645980464860463
-1.645980464860463
-1.6459841186379942
-1.645984932809559
-1.6459863455392354
-1.6459867319871766
-1.6459878736415317
-1.6459912774887739
-1.6459912774887739
-1.6459901736099989
-1.6459888458514966
-1.6459759924534636
-1.64597210121136
-1.6459692117489395
-1.64597120284388
-1.6459737205991758
-1.645972453839563
-1.645965544195706
-1.6459634188384273
-1.6459649181672982
-1.6459649181672982
-1.6459647293449395
-1.6459689691247983
-1.645969697625737
-1.645969697625737
-1.6459706514270762
-1.645970958760824
-1.6459683020645459
-1.6459683020645459
-1.6459636382003124
-1.6459629899587418
-1.6459801060732355
-1.6459800341046746
-1.6459797881444127
-1.6459821040360334
-1.6459821040360334
-1.6459806158638373
-1.6459806158638373
-1.6459861387381303
-1.6459890080744677
-1.6459890080744677
-1.6459887884415514
-1.6459934218587364
-1.6460000269088211
-1.64600220989348
-1.6460040308516855
-1.6460062081044289
-1.6460062081044289
-1.6460092101531185
-1.6460097296647158
-1.6460056588273082
-1.6460114030978474
-1.6460125960773075
-1.646009548614787
-1.6460058830251045
-1.646004105735231
-1.6460035697727486
-1.646003562820223
-1.6460053149987381
-1.6460039535300519
-1.6460006930753919
-1.6460006930753919
-1.6459908509633634
-1.6459891915490117
-1.6459891915490117
-1.6459903826839881
-1.6459968217369048
-1.6459956373984845
-1.6459956373984845
-1.6459958357451152
-1.6459966145317806
-1.6459918581290796
-1.6459902971680143
-1.6459919123350313
-1.6459928202982346
-1.6459930116969004
-1.6459930116969004
-1.6459953622764092
-1.6460093673187501
-1.646007252760999
-1.646007252760999
-1.646003165441478
-1.6460026408753416
-1.6460003124700642
-1.6460003692082241
-1.6460003692082241
-1.6459990243101494
-1.6459963970140612
-1.6459963970140612
-1.6459925623931488
-1.6459831426961993
-1.6459317529533231
-1.6459317529533231
-1.645935412098446
-1.6459369779128237
-1.6459369779128237
-1.6459386248902865
-1.6459386248902865
-1.6459457712024641
-1.6459499762187717
-1.6459518861300391
-1.6459518861300391
-1.6459502995719009
-1.6459585118799487
-1.6459585118799487
-1.6459671473178246
-1.645968302866905
-1.6459726195854432
-1.6459726195854432
-1.6459777161992213
-1.645982136477419
-1.6459741357300113
-1.6459741357300113
-1.6459687737002204
-1.6459678553216313
-1.6459702272452204
-1.6459748103138863
-1.6459758122017194
-1.6459746336713545
-1.6459746336713545
-1.6459699142331685
-1.6459699142331685
-1.6459709434515555
-1.6459706683240205
-1.6459706683240205
-1.6459717738996205
-1.6459759761288011
-1.64597974198706
-1.64597974198706
-1.6459825686449145
-1.6459883052528277
-1.645992389388572
-1.645992389388572
-1.6459923289715592
-1.6459928822773142
-1.6459919812121335
-1.6459912433010919
-1.6459915754803787
-1.6459923515799419
-1.6459919281319435
-1.6459919281319435
-1.645990532480224
-1.6459877926085797
-1.6459967174953329
-1.6459967174953329
-1.6460036205839794
-1.646007805780932
-1.6460027580759073
-1.6460027580759073
-1.6459975820576054
-1.6460187646148328
-1.6460205425420986
-1.6460205425420986
-1.6460264476856212
-1.6460255014656939
-1.6460248679160439
-1.64602644733297
-1.6460217414762603
-1.6460193426096554
-1.6460196629544221
-1.6460207497858692
-1.6460207497858692
-1.6460226287760398
-1.6460248780927096
-1.6460248780927096
-1.6460263170523339
-1.64603370673221
-1.6460366295710289
-1.6460366295710289
-1.646039893793126
-1.6460387959778873
-1.6460304319350307
-1.6460272496195023
-1.6460277750323569
-1.6460306840288068
-1.6460393037306089
-1.6460393037306089
-1.6460441622283517
-1.6460379912423584
-1.6460381996262996
-1.6460381996262996
-1.646039507037804
-1.64603657961961
-1.6460348222904291
-1.6460359801233324
-1.6460359801233324
-1.646041321702141
-1.6460444759881858
-1.6460444759881858
-1.6460421062753279
-1.6460424972659704
-1.6460142767134338
-1.6460142767134338
-1.6460147949488795
-1.6460170719792553
-1.6460170719792553
-1.6460160447649843
-1.6460160447649843
-1.6460184028749165
-1.6460202818097767
-1.646021639436926
-1.646021639436926
-1.6460166541962062
-1.6460155965348495
-1.6460155965348495
-1.6460111387169276
-1.6460136187355199
-1.6460172332675713
-1.6460172332675713
-1.6460168948229656
-1.6460128454608578
-1.6460102087778206
-1.6460103040848681
-1.646011775303416
-1.6460113501246483
-1.6460114489168112
-1.6460136139788786
-1.64601798742412
-1.6460200751805074
-1.6460200751805074
-1.6460176925834136
-1.6460176925834136
-1.6460177955341069
-1.6460168733068825
-1.6460168733068825
-1.6460146575267338
-1.6460061315776662
-1.6460046464239311
-1.6460046464239311
-1.646007874171586
-1.646011009958338
-1.646014142322912
-1.6460125997589563
-1.6460135614828852
-1.6460176700781892
-1.6460219151127566
-1.6460254769476015
-1.6460317928507531
-1.6460363742037567
-1.6460389506759132
-1.6460389506759132
-1.6460398675360504
-1.6460421633531974
-1.6460471431910506
-1.6460510732956328
-1.6460510732956328
-1.6460519693012279
-1.6460500738936352
-1.6460500738936352
-1.6460533899219973
-1.6460542707542463
-1.6460230054618148
-1.6460230054618148
-1.6460172642082418
-1.6460151608493814
-1.6460134275429585
-1.6460113161726462
-1.6460097931775917
-1.6460086315074476
-1.646012087301344
-1.646012087301344
-1.6460122342320143
-1.6460199858562368
-1.6460214903570389
-1.6460214903570389
-1.6460189119888577
-1.64601713347916
-1.646006875374397
-1.646006875374397
-1.6460036718731177
-1.6460025802178972
-1.6459787834939459
-1.6459819866703926
-1.6459845668950079
-1.6459879984822161
-1.6459901364240397
-1.6459900422313078
-1.6459907053240903
-1.6459889824466221
-1.6459916524062941
-1.6459916524062941
-1.645994908637155
-1.6459915175044435
-1.6459899451862683
-1.6459909631908192
-1.6459909631908192
-1.6459955534824424
-1.6459962942491055
-1.6459962942491055
-1.6459991125067435
-1.6460055259589936
-1.6460083416471527
-1.6460083416471527
-1.6459733383049031
-1.6459711439001057
-1.6459689710689391
-1.6459681690060661
-1.6459681690060661
-1.6459739307780856
-1.6459800251511505
-1.6459782210088767
-1.6459782210088767
-1.6459797665378757
-1.6459808808858176
-1.6459819437098642
-1.6459842525046311
-1.6459888990247837
-1.6459886953765521
-1.6459886953765521
-1.6459886578948695
-1.6459760217805928
-1.6459786240174534
-1.6459786240174534
-1.6459725040270394
-1.6459686977384165
-1.6459676032125812
-1.6459761302363829
-1.6459768749241166
-1.6459793096269506
-1.6459793096269506
-1.6459828643357162
-1.6459828643357162
-1.6459846563801863
-1.6459786748186807
-1.6459786748186807
-1.6459756593982589
-1.645979109459023
-1.6459819442322028
-1.6459819442322028
-1.6459877815960502
-1.6459949010181207
-1.6459949010181207
-1.6459877827693463
-1.6459832612234104
-1.6459801516066082
-1.6459794887686476
-1.6459785350677996
-1.6459769001743132
-1.6459784296943856
-1.6459810869986991
-1.6459810869986991
-1.6459827154832605
-1.6459905548672913
-1.6459889676214055
-1.6459874167005728
-1.6459874167005728
-1.6459878546964763
-1.6459893104446535
-1.6459893104446535
-1.6459909514371065
-1.6459906500608217
-1.6459956388690398
-1.6459956388690398
-1.6459976960754414
-1.6459954382282291
-1.6459954382282291
-1.6459983808818583
-1.6459983808818583
-1.6460020172938672
-1.6460064868599391
-1.6460064868599391
-1.6460069079127335
-1.6460067181180185
-1.6460016866510154
-1.6460016866510154
-1.6459963674694731
-1.6459969824177849
-1.6459868467705354
-1.6459868467705354
-1.6459865919707666
-1.645989375221155
-1.64598675513074
-1.64598675513074
-1.6459944216571751
-1.6459960039476302
-1.6460004194643132
-1.6460029020294196
-1.6460043052117561
-1.646003307258866
-1.6460016461839893
-1.6460006515633838
-1.6459999967910861
-1.6460012638489891
-1.6460058681387422
-1.6460087936819596
-1.6460087936819596
-1.6460115183770443
-1.6460083955780276
-1.6460083955780276
-1.6460067533457192
-1.6460092454850843
-1.6460091713239964
-1.6460107442492291
-1.6460107135968667
-1.6460095714472021
-1.6460083364101943
-1.6460176224902414
-1.6460176224902414
-1.6460176998060299
-1.6460163807875763
-1.6460224043438407
-1.6460224043438407
-1.646018131039318
-1.6460216554248144
-1.6460246715866325
-1.6460247259503566
-1.6460290368692194
-1.6460290368692194
-1.6460321788838626
-1.6460340765432104
-1.646033729510805
-1.6460011713319089
-1.6460011713319089
-1.64600236215842
-1.6460054222024658
-1.6460084656844194
-1.6460085270473999
-1.6460166954726552
-1.6460258246421235
-1.6460258246421235
-1.6460296803562742
-1.6458148227784897
-1.6458136367508109
-1.6458119568515992
-1.6458137380608735
-1.6458200498810511
-1.6458747452080857
-1.6458796334386803
-1.6458815776550273
-1.6458846459121992
-1.6458868739791319
-1.6458901921383673
-1.6458912259286598
-1.6458916302753759
-1.6458926433216361
-1.6458912552035889
-1.645891791114962
-1.645898102465351
-1.645902248427044
-1.6459083914635466
-1.6459117451485084
-1.6459131930019402
-1.6459131462175576
-1.6459163472518432
-1.6459166152651223
-1.645917288996426
-1.645916942785709
-1.6459152317625831
-1.6459142657641987
-1.6459138894761536
-1.6459127412160275
-1.6459127622466048
-1.6459131072482729
-1.6459197900016707
-1.6459189445930529
-1.6459187438830709
-1.6459204130818785
-1.6459167465020281
-1.6459161341843507
-1.6459173797216817
-1.6459186922397901
-1.645919023846899
-1.6459196055113756
-1.6459189665345353
-1.6459163571779831
-1.6459103885544109
-1.6458720594884559
-1.6458671132482146
-1.6458623435441384
-1.6458593443775185
-1.6458617211612945
-1.6458640824631454
-1.6458665414233524
-1.6458687371146381
-1.645869618707801
-1.6458699376858716
-1.6458683986099898
-1.6458679216649179
-1.6458677045478318
-1.645867286013255
-1.6458721093184565
-1.6458769467007104
-1.6458773053824205
-1.6458792398622342
-1.6458824783119976
-1.6458836678788187
-1.6458496061466124
-1.645849333729607
-1.645849316159697
-1.6458492131151037
-1.6458507970116181
-1.6458526805378082
-1.645862077690101
-1.6458659982763193
-1.6458668520452779
-1.6458665444360483
-1.6458668206680314
-1.6458700857596489
-1.6458689185430926
-1.6458665163295
-1.6458658374137374
-1.6458663624844905
-1.6458684256126708
-1.6458686358844912
-1.6458668226823792
-1.6458714324901698
-1.6458318525672697
-1.6458297102590758
-1.6458261808911347
-1.6458254783469413
-1.6458234455224459
-1.6458227591074979
-1.645822370742428
-1.6458258015721496
-1.6458275662120594
-1.6458292889239525
-1.6458316563039992
-1.6458302976644943
-1.6458299055927077
-1.645829894040894
-1.6458293293339497
-1.645830430103967
-1.6458314104252347
-1.6458337352775436
-1.6458364988200123
-1.6458405605073116
-1.6458411128623587
-1.6458402244093622
-1.6458405894300825
-1.6458367580545323
-1.6458358084905689
-1.6458341513648131
-1.6458286826912361
-1.6458286439555112
-1.6458281891744282
-1.6458276168450834
-1.6458258245193396
-1.6458216318099652
-1.6458198560010937
-1.6458200178736571
-1.645821660332331
-1.645819724690748
-1.6458186987028933
-1.645824560168782
-1.6458271476759523
-1.6458282755848546
-1.6458222206904252
-1.6458205124677436
-1.6458183888977589
-1.6458153464055363
-1.64581646074761
-1.6458201490058182
-1.6458227755952086
-1.6458238458621912
-1.645822241523142
-1.6458207328980123
-1.6458177646715166
-1.6458165580255539
-1.6458172346982567
-1.6458179235900234
-1.6458182703281656
-1.6458222102599633
-1.645823387549495
-1.6458252148030568
-1.645826113144633
-1.6458240395623405
-1.6458194935764727
-1.6458201770546756
-1.6458196387071837
-1.6458188939049168
-1.6458203046418467
-1.6458212734278066
-1.6458222455045191
-1.6458224420692977
-1.6458217510218793
-1.6458159416861913
-1.6458099292431767
-1.6458074707697812
-1.6458064385577258
-1.6458059452353651
-1.6458146645046539
-1.6458180666014768
-1.6458168065310812
-1.6458123613068365
-1.6458098330828739
-1.6458112052934768
-1.6457971912909282
-1.6457963328391403
-1.645794568327249
-1.6457916510201385
-1.6457910467430514
-1.6457915599273802
-1.6457974501294432
-1.645800128851244
-1.6457992953138263
-1.645795960781838
-1.6457932468342984
-1.6457962427432922
-1.6458002457162666
-1.6458020111384324
-1.6457997834167453
-1.6457970092264758
-1.6457944793195589
-1.6457932397956283
-1.6457942579922717
-1.645782937569596
-1.6457858499114597
-1.6457883065069832
-1.6457908194298645
-1.6457930720679521
-1.6457921451911155
-1.6457929508101847
-1.645793138761283
-1.645792067696328
-1.6457896130898766
-1.6457889209221135
-1.6457891963541968
-1.6457882412018654
-1.6457893510327974
-1.6457892352544941
-1.6457896765995443
-1.6457887663352297
-1.6457869522006361
-1.6457818109927891
-1.6457789373038809
-1.6457820543572643
-1.6457837086082334
-1.645789224547155
-1.6457924942192872
-1.6457974108476752
-1.6457994889719425
-1.6457969053214774
-1.6457939151289145
-1.6457888520879769
-1.6457907849895277
-1.6457900680807518
-1.6457900759848665
-1.6457926465816828
-1.6457938338888722
-1.6457920309159617
-1.6457897471637646
-1.6457875178732666
-1.6457844625338558
-1.6457775980293496
-1.6457775980293496
-1.6457761359105449
-1.6458071111178099
-1.6458096090187084
-1.6458125450279264
-1.6458118314206038
-1.6458101346364524
-1.6458072589613908
-1.6458060708068329
-1.6458108416269461
-1.6458137176204295
-1.6458150875042723
-1.6458133753134361
-1.6458206257514016
-1.6458231225573441
-1.6458242949032924
-1.6458239755618218
-1.6458247431120159
-1.6458247435949318
-1.6458236446206878
-1.6458221688955617
-1.64582148223764
-1.6458024507700728
-1.6458034344417671
-1.6458000775546788
-1.645798451160305
-1.6457994345137481
-1.6458004793539536
-1.6458019795273169
-1.6458018146486035
-1.6458012816208021
-1.6458012467112051
-1.6458013554957527
-1.6458056215802579
-1.645809356474665
-1.6458113231783715
-1.6458115491790661
-1.645813057549889
-1.6458147483274905
-1.6458157252443375
-1.645813334228077
-1.6458060737443623
-1.6458059673760295
-1.6458057228085974
-1.6458076087544991
-1.6458076632666716
-1.6458085001997358
-1.645811355959655
-1.6458132529342413
-1.6458141958880497
-1.645816915717534
-1.6458175008597069
-1.6458156625343785
-1.6458154855122074
-1.6458152167120945
-1.6458135285229727
-1.6458145789145713
-1.6458192588038172
-1.6458246743088163
-1.6458283211294342
-1.6458312870681582
-1.64583320147203
-1.6458303945993065
-1.645827053871278
-1.6458226819141137
-1.6458169504131634
-1.6458193881022309
-1.6458210747005693
-1.645820722370446
-1.6458177711829951
-1.645817479688253
-1.6458184139646221
-1.6458166831985344
-1.6458154858961527
-1.64581415808458
-1.6458125180230108
-1.6458125420023857
-1.6458169213416858
-1.645817388368233
-1.6458206201390804
-1.645823049564161
-1.6458249367656628
-1.6458301068577808
-1.6458277105387789
-1.6458255112935281
-1.6458239236240539
-1.6458203404043135
-1.6458172789318628
-1.6458160541817295
-1.6458130979321457
-1.6458135941905783
-1.6458131005646328
-1.6458113238470429
-1.6458100335347228
-1.6458092117212575
-1.6458072521892106
-1.6458058845095016
-1.6458083436217452
-1.6458101589739214
-1.6458127010199315
-1.6458127010199315
-1.6458012175778569
-1.6458025024509617
-1.6458016461813918
-1.6458013342040847
-1.6458037089098811
-1.6458025803254677
-1.6457997324174569
-1.6457966104199511
-1.6457916664428025
-1.6457910160564657
-1.6457881056885049
-1.6457884317606946
-1.6457875352619207
-1.6457879053779776
-1.6457906019742723
-1.6457929220068623
-1.6457938438817454
-1.6457906769701822
-1.6457867472333112
-1.64578309598892
-1.645780094698486
-1.6457809093993936
-1.645780251891453
-1.6457808282219537
-1.6457867430740756
-1.64578967326856
-1.6457911976685067
-1.6457940265443975
-1.645794227839801
-1.64578933560769
-1.6457854700085026
-1.6457819430984826
-1.6457769214338838
-1.6457763099249167
-1.6457771382957944
-1.6457791494847431
-1.6457877050622776
-1.6457928551462528
-1.645797614817001
-1.6457985932293433
-1.6457963934988309
-1.6458058256136054
-1.6458054141694423
-1.6458042822858119
-1.64580892756677
-1.6458104024445916
-1.6458101134609129
-1.6458093547110224
-1.6458091044841148
-1.6458085720871323
-1.6458082021513152
-1.6458098390471838
-1.6458085250647214
-1.6458095694639001
-1.6458102426412931
-1.6458106135800341
-1.6458128033153445
-1.6458138689592732
-1.6458190720747574
-1.6458226499579134
-1.6458211142224137
-1.6458172618851246
-1.6458151926467279
-1.6458156687500731
-1.6458187192348837
-1.6458208267209928
-1.6458214085812506
-1.6458217584376336
-1.6458280450855105
-1.6458274649622313
-1.6458281110634554
-1.6458264627318775
-1.6458213450515731
-1.6458211766049893
-1.6458226053037246
-1.6458245117491688
-1.6458258255582738
-1.6458272358803996
-1.6458265611488143
-1.645826523006191
-1.6458170656811275
-1.6458166317464331
-1.6458174572358673
-1.6458174288164502
-1.6458205343359629
-1.6458257686253337
-1.6458297185345077
-1.6458283783851224
-1.6458283302303427
-1.6458299540997603
-1.6458312408349303
-1.6458328034717191
-1.6458289398929795
-1.6458278356121474
-1.6458259336680616
-1.64582401398976
-1.6458194907046553
-1.6458184821270907
-1.6458192605202948
-1.6458192605202948
-1.6458147695635506
-1.64582846056714
-1.6458274215847759
-1.6458275133736378
-1.645824738188167
-1.64582158129163
-1.6458221268693249
-1.6458243143630311
-1.6458233669851092
-1.6458222073349973
-1.6458212602448656
-1.6458212333840463
-1.6458230584148039
-1.6458239808935027
-1.6458237161562084
-1.6458225799376314
-1.6458237301987604
-1.6458219265829837
-1.6458200623346768
-1.6458188085388621
-1.6458181988366543
-1.6458262612745902
-1.6458280952972137
-1.6458285349669455
-1.6458291599478587
-1.6458290169516323
-1.6458279696422997
-1.6458273205057774
-1.6458251700162345
-1.6458237617249323
-1.6458164414473713
-1.6458162481140175
-1.6458197892802213
-1.6458242257734048
-1.6458291053921041
-1.6458346643480255
-1.6458381067173742
-1.6458379568056396
-1.6458385434775418
-1.6458390195941297
-1.645835985108109
-1.6458536370538452
-1.6458545334920951
-1.645855703346274
-1.6458545205443562
-1.645853959258279
-1.645852876608153
-1.6458520033068
-1.6458484731171892
-1.6458479925844849
-1.6458468861430122
-1.6458452010955587
-1.6458455404050982
-1.6458487547842149
-1.6458504801579557
-1.6458510226572163
-1.6458622626647197
-1.6458638770263632
-1.6458657642404726
-1.6458677195023415
-1.6458603714454176
-1.6458805874049498
-1.6458811405519687
-1.6458814239931965
-1.6458806335366465
-1.6458797299605517
-1.6458799105498143
-1.6458783386134768
-1.645874282986995
-1.6458738459521112
-1.6458732120536752
-1.6458738238566009
-1.6458651089741354
-1.645862649779364
-1.6458609652983009
-1.6458588978897091
-1.6458609671568232
-1.6458604474307912
-1.6458610265209208
-1.6458615255873374
-1.6458600950047872
-1.6458595935014186
-1.6458681164935618
-1.6458710331252908
-1.6458650555845777
-1.6458631614457941
-1.6458628124775549
-1.6458627724104524
-1.6458649411219668
-1.645863612724906
-1.6458639555744166
-1.6458630966767569
-1.6458673732208544
-1.6458655106440523
-1.6458631179774381
-1.6458621778408224
-1.6458552954459302
-1.6458530139970498
-1.6458518098755823
-1.6458518098755823
-1.6458538847019411
-1.6458185205574909
-1.6458196915325713
-1.6458209992782253
-1.6458170279987654
-1.6458155603330697
-1.64581560277742
-1.6458151916558015
-1.6458150244820955
-1.645817716664647
-1.6458180784713525
-1.6458197475186227
-1.6458233862581368
-1.6458214335293955
-1.6458207971547589
-1.6458199256755945
-1.6458158820097097
-1.6458104442052746
-1.6458040882489338
-1.6457995075100806
-1.6458182991978776
-1.6458240600122898
-1.6458290771178217
-1.6458308311127789
-1.6458345452712495
-1.6458355385434651
-1.6458339253186731
-1.6458321264471432
-1.6458285332086382
-1.6458304208086061
-1.6458323638821188
-1.6458376093955833
-1.6458380512379114
-1.6458388767038195
-1.6458382047936129
-1.6458371315013951
-1.6458338133087287
-1.6458324759414522
-1.6458289136903661
-1.6458278890171594
-1.64583087298636
-1.6458352368749323
-1.645837437736372
-1.6458385440603804
-1.6458340198456451
-1.6458337974098181
-1.6458345076041916
-1.6458352899286794
-1.6458400109562963
-1.6458403089710834
-1.6458403089710834
-1.6458386094864201
-1.64583414233874
-1.6458284401603953
-1.645829928838465
-1.6458302905056945
-1.6458257036494663
-1.6458248664252955
-1.6458231213029662
-1.6458208182221947
-1.645818882979212
-1.6458106698509865
-1.6458077276402732
-1.6458099840172802
-1.6458172575870587
-1.6458182638142722
-1.6458177748603868
-1.6458193997991695
-1.6458217912255952
-1.6458187962540809
-1.6458156666703003
-1.645812055178751
-1.6458078487565759
-1.6458079624466928
-1.6458077262909667
-1.6458093943258005
-1.6458200204624769
-1.6458237056517941
-1.6458247953123026
-1.6458240590005373
-1.6457971410893697
-1.6457940802855771
-1.6457939938770692
-1.6457960020836817
-1.6457970860670159
-1.645798022399813
-1.6458003901661711
-1.6458028018637807
-1.6458021365290654
-1.6457997826899107
-1.645799252471112
-1.645801074160991
-1.6458046494959364
-1.6458053829735617
-1.6458069280930909
-1.6458069645731117
-1.6458089478876323
-1.6458081365706969
-1.6458110738030947
-1.6458110738030947
-1.6458086133417444
-1.6458268456603202
-1.6458296577254912
-1.6458315528470131
-1.645829298023368
-1.6458271626383028
-1.6458236895437139
-1.6458202372551292
-1.6458187575279386
-1.6458193226793389
-1.6458178766401554
-1.6458195412655654
-1.6458192428604657
-1.6458209384404976
-1.6458229111832081
-1.6458257600247654
-1.6458254104049532
-1.6458241206223827
-1.6458249418107302
-1.6458266542471682
-1.6458308669442305
-1.6458093348352139
-1.6458099878640324
-1.6458095114103186
-1.6458042508864594
-1.6458009981986683
-1.6457998806396825
-1.645801061395644
-1.6458027226500447
-1.6458057822618397
-1.6458105245067796
-1.6458156261927466
-1.6458248580597046
-1.6458300682955473
-1.6458312133100057
-1.6458295832846555
-1.645826172372358
-1.6458211933288525
-1.645815842172919
-1.6458137586242609
-1.6458233472324804
-1.6458213240492736
-1.6458241783617302
-1.6458255965557183
-1.645824793040813
-1.6458240134061912
-1.6458200564662546
-1.6458166133981236
-1.6458159874410774
-1.6458187701947689
-1.6458187701947689
-1.6458182315874395
-1.6458212089094622
-1.6458269639210734
-1.6458309673055356
-1.6458327311178167
-1.6458305870558994
-1.6458278403669679
-1.6458245945272261
-1.645822412892689
-1.6458274821453236
-1.6458410406436015
-1.6458440063917055
-1.6458488834349778
-1.6458578711602458
-1.6458580212055873
-1.6458536086584019
-1.6458503401102986
-1.6458537040692554
-1.645853925801853
-1.6458502752883331
-1.6458480052562339
-1.6458463843989792
-1.6458443570602965
-1.6458434632407786
-1.6458428308779054
-1.645842201676101
-1.6458436266702636
-1.6458437261818306
-1.6458440349075991
-1.6458471759748845
-1.6458769931597852
-1.6458767699805181
-1.6458781040004491
-1.6458762583196942
-1.6458785117782713
-1.6458802660484297
-1.6458818528759755
-1.6458847156441261
-1.6458858087416142
-1.6458852600125129
-1.6458839087529624
-1.6458795792394618
-1.6458777433959482
-1.6458752598433242
-1.6458716091993264
-1.6458721395155609
-1.6458710459155734
-1.6458754873113082
-1.6458754873113082
-1.6458782353632293
-1.6458847001115615
-1.6458818080626811
-1.645879720817492
-1.6458774078042764
-1.6458763869741786
-1.6458785607735129
-1.6458846734956742
-1.6458866864920945
-1.6458886954592933
-1.6458889231269593
-1.6458868069357975
-1.6458827759176702
-1.6458823556578344
-1.6458794913665671
-1.6458766289905198
-1.6458786968327292
-1.6458832108014099
-1.6458880542433543
-1.6458912188233212
-1.6458962842057832
-1.6458958094325704
-1.6458929060992811
-1.6458891536402425
-1.6458803033565277
-1.645878764574759
-1.6458816287912434
-1.6458852289934145
-1.6458924362106855
-1.6458934869361157
-1.6458923529426983
-1.6458916283822058
-1.6458924358516749
-1.645892836585386
-1.6458905340411321
-1.6458882743562955
-1.6458855977688673
-1.6458876898958794
-1.6458878966728243
-1.6458871019219237
-1.6458899937223912
-1.6458889967964316
-1.6458885040460143
-1.6458897021231114
-1.6458873448296611
-1.6458833663867269
-1.6458836941532111
-1.6458842558678148
-1.6458824308728224
-1.6458801446661833
-1.6458785141754693
-1.6458788328865179
-1.6458826442358172
-1.64588611635541
-1.6458886727522366
-1.6458872419982387
-1.645886536966443
-1.645885631287076
-1.6458820097709419
-1.645879210637901
-1.6458755071094588
-1.6458754984584358
-1.6458710163882044
-1.6458686290038014
-1.6458697952794596
-1.6458709147546025
-1.6458732821956661
-1.6458752077243386
-1.6458753643351376
-1.6458734364325667
-1.6458698924998247
-1.645866179164978
-1.6458629290353672
-1.6458637347983063
-1.6458655391660362
-1.6458688434771951
-1.645870951611011
-1.6458715917119806
-1.6458717076379534
-1.6458739429068239
-1.6458733554252538
-1.6458501181556342
-1.6458502728003472
-1.6458527131869263
-1.645855745521364
-1.645854835616188
-1.6458557903508997
-1.6458562244964219
-1.6458579655648118
-1.6458571802531508
-1.6458566080378312
-1.6458565778287311
-1.645856632716699
-1.6458563552185315
-1.6458603894361092
-1.6458663650604921
-1.6458699605295195
-1.6458729222669179
-1.6458740680071122
-1.6458740680071122
-1.645868713276623
-1.6458653149509159
-1.6458655476701038
-1.6458688640236734
-1.6458724863615715
-1.6458720158377835
-1.6458724048190929
-1.6458738282394327
-1.6458774859455618
-1.6458802079935524
-1.6458804329758012
-1.6458788914699662
-1.645874708949391
-1.6458731764991497
-1.6458719553611643
-1.6458712173424568
-1.6458764649937445
-1.6458774205536371
-1.6458759539948737
-1.6458772061488836
-1.6458782338919156
-1.645872180216321
-1.645869744743844
-1.6458681864401694
-1.645869144647387
-1.6458697409437184
-1.6458675600060497
-1.6458652770279081
-1.6458665358705373
-1.6458675436196579
-1.6458638073850562
-1.6458637329297316
-1.6458634811025148
-1.6458618350407745
-1.6458631793391458
-1.645861795826802
-1.6458579283273418
-1.6458573068615687
-1.6458550988514811
-1.6458530004487779
-1.6458558903902676
-1.6458621902501511
-1.6458974857883766
-1.6458996114584628
-1.6459004708065239
-1.6458990041636448
-1.6458982894242331
-1.6458974524998731
-1.6458917377266593
-1.6458857400561488
-1.6458857400561488
-1.6458880431499632
-1.6458900364500926
-1.645895168951591
-1.6458985311300591
-1.6458981522552831
-1.6458981572069826
-1.6458967979861125
-1.6458958980365408
-1.6458916818326419
-1.6458894027942164
-1.6459154117601573
-1.6459150279430086
-1.6459165687879616
-1.6459235544221935
-1.6459258866781055
-1.64592705809881
-1.6459275920245322
-1.6459310234697038
-1.6459281189132471
-1.6459253741446054
-1.6459243834735278
-1.645928628432918
-1.6459310437812944
-1.6459328819225825
-1.6459326275129851
-1.6459294359334404
-1.6459276532038
-1.6459274558597115
-1.6459257899313393
-1.6459251324342843
-1.64593826168991
-1.6459431707426149
-1.645946754373748
-1.6459484693737194
-1.6459487100468044
-1.6459499938984312
-1.6459500417219923
-1.6459510578925605
-1.6459501035351007
-1.6459491039465857
-1.6459473366030972
-1.6459513131208674
-1.6459525740263159
-1.645951060080485
-1.6459500213659075
-1.6459503111246738
-1.6459474562903937
-1.6459415036433855
-1.6459415036433855
-1.6459402135661227
-1.6459228712235412
-1.6459231211736614
-1.6459248765172687
-1.6459299653672181
-1.6459337351201848
-1.6459337503226339
-1.6459321899166215
-1.6459309513613107
-1.6459302913484255
-1.6459294254215922
-1.6459299682016637
-1.6459297084289501
-1.6459298489192593
-1.6459312385158331
-1.6459321345063123
-1.6459294218569902
-1.645927384432998
-1.6459268464038204
-1.6459270520744893
-1.6459285121008558
-1.6459393437531296
-1.6459368281649003
-1.6459378344064064
-1.6459362950346359
-1.6459362043104078
-1.6459382279204162
-1.645941511588527
-1.6459419752409963
-1.645943604337287
-1.6459428462545029
-1.6459431170426007
-1.6459402974232893
-1.6459378061676324
-1.64593431221833
-1.64593434213327
-1.6459359891973426
-1.6459351083563176
-1.6459334212569996
-1.645936498145492
-1.6459463088560808
-1.645956874912349
-1.6459557352107741
-1.6459548509817064
-1.6459492681711672
-1.6459496549800001
-1.6459498566452135
-1.6459504497530253
-1.6459546869637391
-1.6459587803461153
-1.6459587803461153
-1.645958291736463
-1.6459576312413786
-1.6459519616955609
-1.6459499959949115
-1.645949952508625
-1.6459517573793703
-1.6459551882877241
-1.64595964779684
-1.6459636631402381
-1.6459708197517966
-1.6459990696243871
-1.6460010770721862
-1.64600128988909
-1.64599926280747
-1.6459981754915296
-1.6459974183459176
-1.6459991936417036
-1.6459976034101766
-1.6459970887175539
-1.6459975159981328
-1.6459984250824313
-1.6459975791996639
-1.6459975913929397
-1.6459981198773461
-1.6459976777495966
-1.6459995866858208
-1.6459990213008979
-1.6460001212733284
-1.6460007764168216
-1.6460021713090465
-1.6460247792021152
